0
0 0
TRACK_NUM        34 ADD_FLD    1   1 &0
TRACK_ID  2 START_TIME 1942040812
POINT_NUM  19
1942040812 149.300003 7.000000 1.000000e+25 & 1.000000e+25 & 
1942040818 148.559998 7.250000 1.000000e+25 & 1.000000e+25 & 
1942040900 147.699997 7.500000 1.000000e+25 & 1.000000e+25 & 
1942040906 146.660004 7.780000 1.000000e+25 & 1.000000e+25 & 
1942040912 145.600006 8.100000 1.000000e+25 & 1.000000e+25 & 
1942040918 144.679993 8.490000 1.000000e+25 & 1.000000e+25 & 
1942041000 143.800003 8.900000 1.000000e+25 & 1.000000e+25 & 
1942041006 142.899994 9.350000 1.000000e+25 & 1.000000e+25 & 
1942041012 142.000000 9.600000 1.000000e+25 & 1.000000e+25 & 
1942041018 141.059998 9.480000 1.000000e+25 & 1.000000e+25 & 
1942041100 140.199997 9.100000 1.000000e+25 & 1.000000e+25 & 
1942041106 139.610001 8.600000 1.000000e+25 & 1.000000e+25 & 
1942041112 139.000000 8.100000 1.000000e+25 & 1.000000e+25 & 
1942041118 138.119995 7.730000 1.000000e+25 & 1.000000e+25 & 
1942041200 137.100006 7.600000 1.000000e+25 & 1.000000e+25 & 
1942041206 136.050003 7.830000 1.000000e+25 & 1.000000e+25 & 
1942041212 135.000000 8.200000 1.000000e+25 & 1.000000e+25 & 
1942041218 134.029999 8.450000 1.000000e+25 & 1.000000e+25 & 
1942041300 133.100006 8.600000 1.000000e+25 & 1.000000e+25 & 
TRACK_ID  5 START_TIME 1942070200
POINT_NUM  13
1942070200 89.500000 21.000000 1.000000e+25 & 1.000000e+25 & 
1942070206 88.389999 21.400000 1.000000e+25 & 1.000000e+25 & 
1942070212 87.059998 21.799999 1.000000e+25 & 1.000000e+25 & 
1942070218 85.629997 22.139999 1.000000e+25 & 1.000000e+25 & 
1942070300 84.279999 22.440001 1.000000e+25 & 1.000000e+25 & 
1942070306 83.500000 22.650000 1.000000e+25 & 1.000000e+25 & 
1942070312 82.930000 22.770000 1.000000e+25 & 1.000000e+25 & 
1942070318 82.269997 22.879999 1.000000e+25 & 1.000000e+25 & 
1942070400 81.559998 23.059999 1.000000e+25 & 1.000000e+25 & 
1942070406 81.000000 23.260000 1.000000e+25 & 1.000000e+25 & 
1942070412 80.510002 23.540001 1.000000e+25 & 1.000000e+25 & 
1942070418 80.160004 23.740000 1.000000e+25 & 1.000000e+25 & 
1942070500 79.809998 23.860001 1.000000e+25 & 1.000000e+25 & 
TRACK_ID  7 START_TIME 1942070800
POINT_NUM  21
1942070800 90.099998 20.700001 1.000000e+25 & 1.000000e+25 & 
1942070806 89.690002 20.940001 1.000000e+25 & 1.000000e+25 & 
1942070812 89.209999 21.230000 1.000000e+25 & 1.000000e+25 & 
1942070818 88.849998 21.459999 1.000000e+25 & 1.000000e+25 & 
1942070900 88.470001 21.660000 1.000000e+25 & 1.000000e+25 & 
1942070906 88.239998 21.780001 1.000000e+25 & 1.000000e+25 & 
1942070912 87.970001 21.879999 1.000000e+25 & 1.000000e+25 & 
1942070918 87.629997 21.980000 1.000000e+25 & 1.000000e+25 & 
1942071000 87.230003 22.080000 1.000000e+25 & 1.000000e+25 & 
1942071006 86.529999 22.110001 1.000000e+25 & 1.000000e+25 & 
1942071012 85.709999 22.100000 1.000000e+25 & 1.000000e+25 & 
1942071018 84.910004 22.100000 1.000000e+25 & 1.000000e+25 & 
1942071100 84.190002 22.170000 1.000000e+25 & 1.000000e+25 & 
1942071106 83.400002 22.340000 1.000000e+25 & 1.000000e+25 & 
1942071112 82.669998 22.540001 1.000000e+25 & 1.000000e+25 & 
1942071118 82.050003 22.750000 1.000000e+25 & 1.000000e+25 & 
1942071200 81.540001 23.020000 1.000000e+25 & 1.000000e+25 & 
1942071206 80.889999 23.400000 1.000000e+25 & 1.000000e+25 & 
1942071212 80.260002 23.879999 1.000000e+25 & 1.000000e+25 & 
1942071218 79.660004 24.309999 1.000000e+25 & 1.000000e+25 & 
1942071300 79.089996 24.750000 1.000000e+25 & 1.000000e+25 & 
TRACK_ID  6 START_TIME 1942070612
POINT_NUM  27
1942070612 143.000000 15.000000 1.000000e+25 & 1.000000e+25 & 
1942070618 141.100006 15.210000 1.000000e+25 & 1.000000e+25 & 
1942070700 139.500000 15.400000 1.000000e+25 & 1.000000e+25 & 
1942070706 138.399994 15.550000 1.000000e+25 & 1.000000e+25 & 
1942070712 137.500000 15.700000 1.000000e+25 & 1.000000e+25 & 
1942070718 136.419998 15.850000 1.000000e+25 & 1.000000e+25 & 
1942070800 135.300003 16.000000 1.000000e+25 & 1.000000e+25 & 
1942070806 134.160004 16.150000 1.000000e+25 & 1.000000e+25 & 
1942070812 133.000000 16.299999 1.000000e+25 & 1.000000e+25 & 
1942070818 131.820007 16.400000 1.000000e+25 & 1.000000e+25 & 
1942070900 130.600006 16.600000 1.000000e+25 & 1.000000e+25 & 
1942070906 129.270004 16.950001 1.000000e+25 & 1.000000e+25 & 
1942070912 128.000000 17.500000 1.000000e+25 & 1.000000e+25 & 
1942070918 126.919998 18.250000 1.000000e+25 & 1.000000e+25 & 
1942071000 126.000000 19.100000 1.000000e+25 & 1.000000e+25 & 
1942071006 125.209999 19.879999 1.000000e+25 & 1.000000e+25 & 
1942071012 124.500000 20.700001 1.000000e+25 & 1.000000e+25 & 
1942071018 123.790001 21.639999 1.000000e+25 & 1.000000e+25 & 
1942071100 123.000000 22.600000 1.000000e+25 & 1.000000e+25 & 
1942071106 122.070000 23.459999 1.000000e+25 & 1.000000e+25 & 
1942071112 121.000000 24.299999 1.000000e+25 & 1.000000e+25 & 
1942071118 119.870003 25.270000 1.000000e+25 & 1.000000e+25 & 
1942071200 118.599998 26.100000 1.000000e+25 & 1.000000e+25 & 
1942071206 117.180000 26.540001 1.000000e+25 & 1.000000e+25 & 
1942071212 115.699997 26.799999 1.000000e+25 & 1.000000e+25 & 
1942071218 114.279999 27.080000 1.000000e+25 & 1.000000e+25 & 
1942071300 112.900002 27.400000 1.000000e+25 & 1.000000e+25 & 
TRACK_ID  9 START_TIME 1942071512
POINT_NUM  50
1942071512 147.100006 13.670000 1.000000e+25 & 1.000000e+25 & 
1942071518 147.830002 15.020000 1.000000e+25 & 1.000000e+25 & 
1942071600 147.699997 15.800000 1.000000e+25 & 1.000000e+25 & 
1942071606 146.770004 16.080000 1.000000e+25 & 1.000000e+25 & 
1942071612 145.699997 16.430000 1.000000e+25 & 1.000000e+25 & 
1942071618 144.679993 16.940001 1.000000e+25 & 1.000000e+25 & 
1942071700 143.800003 17.459999 1.000000e+25 & 1.000000e+25 & 
1942071706 143.070007 17.959999 1.000000e+25 & 1.000000e+25 & 
1942071712 142.330002 18.430000 1.000000e+25 & 1.000000e+25 & 
1942071718 141.500000 18.840000 1.000000e+25 & 1.000000e+25 & 
1942071800 140.419998 19.120001 1.000000e+25 & 1.000000e+25 & 
1942071806 139.050003 19.290001 1.000000e+25 & 1.000000e+25 & 
1942071812 137.500000 19.549999 1.000000e+25 & 1.000000e+25 & 
1942071818 135.860001 19.900000 1.000000e+25 & 1.000000e+25 & 
1942071900 134.470001 20.280001 1.000000e+25 & 1.000000e+25 & 
1942071906 133.320007 20.719999 1.000000e+25 & 1.000000e+25 & 
1942071912 131.899994 21.370001 1.000000e+25 & 1.000000e+25 & 
1942071918 130.259995 22.170000 1.000000e+25 & 1.000000e+25 & 
1942072000 129.179993 22.700001 1.000000e+25 & 1.000000e+25 & 
1942072006 128.690002 22.959999 1.000000e+25 & 1.000000e+25 & 
1942072012 128.250000 23.280001 1.000000e+25 & 1.000000e+25 & 
1942072018 127.709999 23.719999 1.000000e+25 & 1.000000e+25 & 
1942072100 127.040001 24.330000 1.000000e+25 & 1.000000e+25 & 
1942072106 126.230003 25.100000 1.000000e+25 & 1.000000e+25 & 
1942072112 125.360001 25.879999 1.000000e+25 & 1.000000e+25 & 
1942072118 124.489998 26.629999 1.000000e+25 & 1.000000e+25 & 
1942072200 123.779999 27.370001 1.000000e+25 & 1.000000e+25 & 
1942072206 123.209999 28.120001 1.000000e+25 & 1.000000e+25 & 
1942072212 122.519997 28.879999 1.000000e+25 & 1.000000e+25 & 
1942072218 121.690002 29.639999 1.000000e+25 & 1.000000e+25 & 
1942072300 120.959999 30.330000 1.000000e+25 & 1.000000e+25 & 
1942072306 120.330002 30.980000 1.000000e+25 & 1.000000e+25 & 
1942072312 119.550003 31.620001 1.000000e+25 & 1.000000e+25 & 
1942072318 118.690002 32.310001 1.000000e+25 & 1.000000e+25 & 
1942072400 118.279999 33.150002 1.000000e+25 & 1.000000e+25 & 
1942072406 118.400002 34.130001 1.000000e+25 & 1.000000e+25 & 
1942072412 118.769997 34.980000 1.000000e+25 & 1.000000e+25 & 
1942072418 119.389999 35.740002 1.000000e+25 & 1.000000e+25 & 
1942072500 120.570000 36.810001 1.000000e+25 & 1.000000e+25 & 
1942072506 122.269997 38.119999 1.000000e+25 & 1.000000e+25 & 
1942072512 123.930000 39.060001 1.000000e+25 & 1.000000e+25 & 
1942072518 125.580002 39.680000 1.000000e+25 & 1.000000e+25 & 
1942072600 128.320007 40.669998 1.000000e+25 & 1.000000e+25 & 
1942072606 132.110001 42.080002 1.000000e+25 & 1.000000e+25 & 
1942072612 135.350006 43.840000 1.000000e+25 & 1.000000e+25 & 
1942072618 137.770004 45.910000 1.000000e+25 & 1.000000e+25 & 
1942072700 139.789993 47.720001 1.000000e+25 & 1.000000e+25 & 
1942072706 141.490005 49.230000 1.000000e+25 & 1.000000e+25 & 
1942072712 143.149994 50.830002 1.000000e+25 & 1.000000e+25 & 
1942072718 145.000000 52.590000 1.000000e+25 & 1.000000e+25 & 
TRACK_ID  10 START_TIME 1942072112
POINT_NUM  19
1942072112 145.500000 23.500000 1.000000e+25 & 1.000000e+25 & 
1942072118 145.059998 25.170000 1.000000e+25 & 1.000000e+25 & 
1942072200 144.699997 26.500000 1.000000e+25 & 1.000000e+25 & 
1942072206 144.479996 27.270000 1.000000e+25 & 1.000000e+25 & 
1942072212 144.199997 27.600000 1.000000e+25 & 1.000000e+25 & 
1942072218 143.720001 27.740000 1.000000e+25 & 1.000000e+25 & 
1942072300 143.000000 27.700001 1.000000e+25 & 1.000000e+25 & 
1942072306 142.029999 27.670000 1.000000e+25 & 1.000000e+25 & 
1942072312 140.899994 27.600000 1.000000e+25 & 1.000000e+25 & 
1942072318 139.740005 27.520000 1.000000e+25 & 1.000000e+25 & 
1942072400 138.600006 27.400000 1.000000e+25 & 1.000000e+25 & 
1942072406 137.639999 27.270000 1.000000e+25 & 1.000000e+25 & 
1942072412 136.699997 27.100000 1.000000e+25 & 1.000000e+25 & 
1942072418 135.669998 26.870001 1.000000e+25 & 1.000000e+25 & 
1942072500 134.600006 26.600000 1.000000e+25 & 1.000000e+25 & 
1942072506 133.490005 26.299999 1.000000e+25 & 1.000000e+25 & 
1942072512 132.399994 26.000000 1.000000e+25 & 1.000000e+25 & 
1942072518 131.380005 25.740000 1.000000e+25 & 1.000000e+25 & 
1942072600 130.399994 25.500000 1.000000e+25 & 1.000000e+25 & 
TRACK_ID  11 START_TIME 1942072312
POINT_NUM  19
1942072312 142.500000 17.600000 1.000000e+25 & 1.000000e+25 & 
1942072318 141.220001 18.969999 1.000000e+25 & 1.000000e+25 & 
1942072400 140.100006 20.000000 1.000000e+25 & 1.000000e+25 & 
1942072406 139.250000 20.480000 1.000000e+25 & 1.000000e+25 & 
1942072412 138.500000 20.700001 1.000000e+25 & 1.000000e+25 & 
1942072418 137.619995 21.090000 1.000000e+25 & 1.000000e+25 & 
1942072500 136.699997 21.400000 1.000000e+25 & 1.000000e+25 & 
1942072506 135.770004 21.540001 1.000000e+25 & 1.000000e+25 & 
1942072512 134.800003 21.600000 1.000000e+25 & 1.000000e+25 & 
1942072518 133.759995 21.660000 1.000000e+25 & 1.000000e+25 & 
1942072600 132.699997 21.700001 1.000000e+25 & 1.000000e+25 & 
1942072606 131.630005 21.709999 1.000000e+25 & 1.000000e+25 & 
1942072612 130.600006 21.700001 1.000000e+25 & 1.000000e+25 & 
1942072618 129.699997 21.700001 1.000000e+25 & 1.000000e+25 & 
1942072700 128.800003 21.700001 1.000000e+25 & 1.000000e+25 & 
1942072706 127.790001 21.709999 1.000000e+25 & 1.000000e+25 & 
1942072712 126.699997 21.700001 1.000000e+25 & 1.000000e+25 & 
1942072718 125.559998 21.660000 1.000000e+25 & 1.000000e+25 & 
1942072800 124.400002 21.600000 1.000000e+25 & 1.000000e+25 & 
TRACK_ID  12 START_TIME 1942072400
POINT_NUM  13
1942072400 89.400002 21.400000 1.000000e+25 & 1.000000e+25 & 
1942072406 89.150002 21.559999 1.000000e+25 & 1.000000e+25 & 
1942072412 88.860001 21.750000 1.000000e+25 & 1.000000e+25 & 
1942072418 88.599998 21.959999 1.000000e+25 & 1.000000e+25 & 
1942072500 88.320000 22.240000 1.000000e+25 & 1.000000e+25 & 
1942072506 87.570000 22.520000 1.000000e+25 & 1.000000e+25 & 
1942072512 86.650002 22.750000 1.000000e+25 & 1.000000e+25 & 
1942072518 85.669998 22.879999 1.000000e+25 & 1.000000e+25 & 
1942072600 84.739998 22.969999 1.000000e+25 & 1.000000e+25 & 
1942072606 83.760002 23.200001 1.000000e+25 & 1.000000e+25 & 
1942072612 82.760002 23.500000 1.000000e+25 & 1.000000e+25 & 
1942072618 81.720001 23.940001 1.000000e+25 & 1.000000e+25 & 
1942072700 80.680000 24.420000 1.000000e+25 & 1.000000e+25 & 
TRACK_ID  14 START_TIME 1942080100
POINT_NUM  21
1942080100 90.199997 21.600000 1.000000e+25 & 1.000000e+25 & 
1942080106 89.800003 21.520000 1.000000e+25 & 1.000000e+25 & 
1942080112 89.330002 21.430000 1.000000e+25 & 1.000000e+25 & 
1942080118 88.709999 21.320000 1.000000e+25 & 1.000000e+25 & 
1942080200 88.099998 21.139999 1.000000e+25 & 1.000000e+25 & 
1942080206 87.160004 20.950001 1.000000e+25 & 1.000000e+25 & 
1942080212 86.070000 20.820000 1.000000e+25 & 1.000000e+25 & 
1942080218 85.080002 20.850000 1.000000e+25 & 1.000000e+25 & 
1942080300 84.169998 20.959999 1.000000e+25 & 1.000000e+25 & 
1942080306 82.820000 21.080000 1.000000e+25 & 1.000000e+25 & 
1942080312 81.379997 21.250000 1.000000e+25 & 1.000000e+25 & 
1942080318 79.940002 21.520000 1.000000e+25 & 1.000000e+25 & 
1942080400 78.540001 21.889999 1.000000e+25 & 1.000000e+25 & 
1942080406 77.220001 22.360001 1.000000e+25 & 1.000000e+25 & 
1942080412 75.919998 22.860001 1.000000e+25 & 1.000000e+25 & 
1942080418 74.669998 23.459999 1.000000e+25 & 1.000000e+25 & 
1942080500 73.379997 24.070000 1.000000e+25 & 1.000000e+25 & 
1942080506 72.459999 24.430000 1.000000e+25 & 1.000000e+25 & 
1942080512 71.599998 24.639999 1.000000e+25 & 1.000000e+25 & 
1942080518 70.769997 24.910000 1.000000e+25 & 1.000000e+25 & 
1942080600 69.910004 25.270000 1.000000e+25 & 1.000000e+25 & 
TRACK_ID  16 START_TIME 1942080300
POINT_NUM  12
1942080300 274.799988 16.200001 1.000000e+25 & 1.543000e+01 & 
1942080306 274.000000 16.299999 1.000000e+25 & 1.543000e+01 & 
1942080312 273.000000 16.500000 1.000000e+25 & 1.801000e+01 & 
1942080318 271.700012 17.000000 1.000000e+25 & 1.801000e+01 & 
1942080400 270.200012 17.600000 1.000000e+25 & 1.543000e+01 & 
1942080406 268.600006 18.299999 1.000000e+25 & 1.543000e+01 & 
1942080412 267.000000 19.000000 1.000000e+25 & 1.543000e+01 & 
1942080418 265.600006 19.700001 1.000000e+25 & 1.801000e+01 & 
1942080500 264.299988 20.400000 1.000000e+25 & 2.315000e+01 & 
1942080506 263.100006 21.100000 1.000000e+25 & 2.572000e+01 & 
1942080512 262.000000 21.799999 1.000000e+25 & 2.058000e+01 & 
1942080518 261.000000 22.500000 1.000000e+25 & 1.286000e+01 & 
TRACK_ID  18 START_TIME 1942080712
POINT_NUM  3
1942080712 147.000000 24.100000 1.000000e+25 & 1.000000e+25 & 
1942080718 146.850006 24.700001 1.000000e+25 & 1.000000e+25 & 
1942080800 146.699997 25.299999 1.000000e+25 & 1.000000e+25 & 
TRACK_ID  21 START_TIME 1942081512
POINT_NUM  15
1942081512 146.500000 14.000000 1.000000e+25 & 1.000000e+25 & 
1942081518 145.970001 14.000000 1.000000e+25 & 1.000000e+25 & 
1942081600 145.199997 14.000000 1.000000e+25 & 1.000000e+25 & 
1942081606 144.029999 13.990000 1.000000e+25 & 1.000000e+25 & 
1942081612 142.699997 14.000000 1.000000e+25 & 1.000000e+25 & 
1942081618 141.479996 14.030000 1.000000e+25 & 1.000000e+25 & 
1942081700 140.300003 14.100000 1.000000e+25 & 1.000000e+25 & 
1942081706 139.169998 14.180000 1.000000e+25 & 1.000000e+25 & 
1942081712 138.100006 14.300000 1.000000e+25 & 1.000000e+25 & 
1942081718 137.110001 14.460000 1.000000e+25 & 1.000000e+25 & 
1942081800 136.100006 14.700000 1.000000e+25 & 1.000000e+25 & 
1942081806 134.979996 15.050000 1.000000e+25 & 1.000000e+25 & 
1942081812 133.800003 15.400000 1.000000e+25 & 1.000000e+25 & 
1942081818 132.600006 15.640000 1.000000e+25 & 1.000000e+25 & 
1942081900 131.399994 15.800000 1.000000e+25 & 1.000000e+25 & 
TRACK_ID  22 START_TIME 1942081712
POINT_NUM  25
1942081712 274.500000 19.000000 1.000000e+25 & 1.543000e+01 & 
1942081718 274.299988 20.000000 1.000000e+25 & 1.801000e+01 & 
1942081800 274.000000 21.200001 1.000000e+25 & 1.801000e+01 & 
1942081806 273.500000 22.500000 1.000000e+25 & 2.058000e+01 & 
1942081812 273.000000 24.000000 1.000000e+25 & 2.315000e+01 & 
1942081818 272.399994 25.400000 1.000000e+25 & 2.572000e+01 & 
1942081900 271.700012 26.500000 1.000000e+25 & 2.829000e+01 & 
1942081906 270.700012 27.400000 1.000000e+25 & 3.087000e+01 & 
1942081912 269.899994 27.900000 1.000000e+25 & 3.344000e+01 & 
1942081918 269.200012 28.000000 1.000000e+25 & 3.601000e+01 & 
1942082000 268.700012 28.100000 1.000000e+25 & 3.601000e+01 & 
1942082006 268.299988 28.100000 1.000000e+25 & 3.601000e+01 & 
1942082012 267.799988 28.200001 1.000000e+25 & 3.601000e+01 & 
1942082018 267.299988 28.400000 1.000000e+25 & 3.601000e+01 & 
1942082100 266.700012 28.700001 1.000000e+25 & 3.601000e+01 & 
1942082106 266.100006 29.000000 1.000000e+25 & 3.601000e+01 & 
1942082112 265.500000 29.400000 1.000000e+25 & 3.344000e+01 & 
1942082118 264.899994 30.000000 1.000000e+25 & 2.829000e+01 & 
1942082200 264.299988 30.700001 1.000000e+25 & 1.801000e+01 & 
1942082206 264.100006 31.500000 1.000000e+25 & 1.286000e+01 & 
1942082212 264.200012 32.799999 1.000000e+25 & 1.286000e+01 & 
1942082218 264.799988 34.299999 1.000000e+25 & 1.029000e+01 & 
1942082300 266.200012 35.700001 1.000000e+25 & 1.029000e+01 & 
1942082306 268.200012 36.500000 1.000000e+25 & 1.029000e+01 & 
1942082312 272.500000 37.000000 1.000000e+25 & 1.029000e+01 & 
TRACK_ID  17 START_TIME 1942080400
POINT_NUM  48
1942080400 131.460007 23.540001 1.000000e+25 & 1.000000e+25 & 
1942080406 131.000000 23.629999 1.000000e+25 & 1.000000e+25 & 
1942080412 130.619995 23.790001 1.000000e+25 & 1.000000e+25 & 
1942080418 130.250000 23.910000 1.000000e+25 & 1.000000e+25 & 
1942080500 129.679993 23.799999 1.000000e+25 & 1.000000e+25 & 
1942080506 128.899994 23.430000 1.000000e+25 & 1.000000e+25 & 
1942080512 128.100006 22.959999 1.000000e+25 & 1.000000e+25 & 
1942080518 127.330002 22.480000 1.000000e+25 & 1.000000e+25 & 
1942080600 126.720001 22.200001 1.000000e+25 & 1.000000e+25 & 
1942080606 126.290001 22.170000 1.000000e+25 & 1.000000e+25 & 
1942080612 125.910004 22.219999 1.000000e+25 & 1.000000e+25 & 
1942080618 125.559998 22.320000 1.000000e+25 & 1.000000e+25 & 
1942080700 125.230003 22.469999 1.000000e+25 & 1.000000e+25 & 
1942080706 124.919998 22.670000 1.000000e+25 & 1.000000e+25 & 
1942080712 124.720001 22.950001 1.000000e+25 & 1.000000e+25 & 
1942080718 124.599998 23.309999 1.000000e+25 & 1.000000e+25 & 
1942080800 124.349998 23.709999 1.000000e+25 & 1.000000e+25 & 
1942080806 123.940002 24.120001 1.000000e+25 & 1.000000e+25 & 
1942080812 123.459999 24.440001 1.000000e+25 & 1.000000e+25 & 
1942080818 122.910004 24.639999 1.000000e+25 & 1.000000e+25 & 
1942080900 122.260002 24.740000 1.000000e+25 & 1.000000e+25 & 
1942080906 121.550003 24.780001 1.000000e+25 & 1.000000e+25 & 
1942080912 120.870003 24.790001 1.000000e+25 & 1.000000e+25 & 
1942080918 120.260002 24.850000 1.000000e+25 & 1.000000e+25 & 
1942081000 119.760002 25.330000 1.000000e+25 & 1.000000e+25 & 
1942081006 119.370003 26.190001 1.000000e+25 & 1.000000e+25 & 
1942081012 119.099998 26.900000 1.000000e+25 & 1.000000e+25 & 
1942081018 118.860001 27.350000 1.000000e+25 & 1.000000e+25 & 
1942081100 118.139999 27.570000 1.000000e+25 & 1.000000e+25 & 
1942081106 116.970001 27.620001 1.000000e+25 & 1.000000e+25 & 
1942081112 115.870003 27.910000 1.000000e+25 & 1.000000e+25 & 
1942081118 115.010002 28.480000 1.000000e+25 & 1.000000e+25 & 
1942081200 114.800003 29.090000 1.000000e+25 & 1.000000e+25 & 
1942081206 115.220001 29.690001 1.000000e+25 & 1.000000e+25 & 
1942081212 115.680000 30.299999 1.000000e+25 & 1.000000e+25 & 
1942081218 116.080002 30.940001 1.000000e+25 & 1.000000e+25 & 
1942081300 116.529999 31.709999 1.000000e+25 & 1.000000e+25 & 
1942081306 117.080002 32.580002 1.000000e+25 & 1.000000e+25 & 
1942081312 117.750000 33.419998 1.000000e+25 & 1.000000e+25 & 
1942081318 118.550003 34.139999 1.000000e+25 & 1.000000e+25 & 
1942081400 119.480003 34.549999 1.000000e+25 & 1.000000e+25 & 
1942081406 120.510002 34.669998 1.000000e+25 & 1.000000e+25 & 
1942081412 121.459999 34.709999 1.000000e+25 & 1.000000e+25 & 
1942081418 122.309998 34.799999 1.000000e+25 & 1.000000e+25 & 
1942081500 123.089996 35.380001 1.000000e+25 & 1.000000e+25 & 
1942081506 123.839996 36.439999 1.000000e+25 & 1.000000e+25 & 
1942081512 124.550003 37.520000 1.000000e+25 & 1.000000e+25 & 
1942081518 125.250000 38.459999 1.000000e+25 & 1.000000e+25 & 
TRACK_ID  24 START_TIME 1942082312
POINT_NUM  37
1942082312 286.000000 14.800000 1.000000e+25 & 1.543000e+01 & 
1942082318 284.899994 15.000000 1.000000e+25 & 1.543000e+01 & 
1942082400 283.899994 15.200000 1.000000e+25 & 1.543000e+01 & 
1942082406 282.899994 15.400000 1.000000e+25 & 1.543000e+01 & 
1942082412 282.000000 15.700000 1.000000e+25 & 1.801000e+01 & 
1942082418 281.399994 15.800000 1.000000e+25 & 1.801000e+01 & 
1942082500 280.799988 16.000000 1.000000e+25 & 2.058000e+01 & 
1942082506 280.100006 16.400000 1.000000e+25 & 2.058000e+01 & 
1942082512 279.500000 16.799999 1.000000e+25 & 2.315000e+01 & 
1942082518 279.100006 17.000000 1.000000e+25 & 2.572000e+01 & 
1942082600 278.600006 17.200001 1.000000e+25 & 2.572000e+01 & 
1942082606 278.200012 17.400000 1.000000e+25 & 2.572000e+01 & 
1942082612 277.799988 17.600000 1.000000e+25 & 2.829000e+01 & 
1942082618 277.200012 17.799999 1.000000e+25 & 2.829000e+01 & 
1942082700 276.500000 18.000000 1.000000e+25 & 3.087000e+01 & 
1942082706 275.899994 18.299999 1.000000e+25 & 3.601000e+01 & 
1942082712 275.399994 18.799999 1.000000e+25 & 4.116000e+01 & 
1942082718 274.600006 19.400000 1.000000e+25 & 4.630000e+01 & 
1942082800 273.700012 20.299999 1.000000e+25 & 4.630000e+01 & 
1942082806 272.399994 21.200001 1.000000e+25 & 3.601000e+01 & 
1942082812 271.200012 22.200001 1.000000e+25 & 4.116000e+01 & 
1942082818 270.399994 23.000000 1.000000e+25 & 4.630000e+01 & 
1942082900 269.500000 23.799999 1.000000e+25 & 4.887000e+01 & 
1942082906 268.299988 24.600000 1.000000e+25 & 5.144000e+01 & 
1942082912 267.200012 25.500000 1.000000e+25 & 5.144000e+01 & 
1942082918 266.100006 26.299999 1.000000e+25 & 5.144000e+01 & 
1942083000 265.000000 27.100000 1.000000e+25 & 5.144000e+01 & 
1942083006 263.899994 27.900000 9.500000e+02 & 5.144000e+01 & 
1942083012 262.799988 28.799999 9.520000e+02 & 4.373000e+01 & 
1942083018 261.399994 29.400000 1.000000e+25 & 3.344000e+01 & 
1942083100 260.000000 30.200001 1.000000e+25 & 2.315000e+01 & 
1942083106 258.600006 31.000000 1.000000e+25 & 2.058000e+01 & 
1942083112 257.500000 31.700001 1.000000e+25 & 1.801000e+01 & 
1942083118 256.399994 32.200001 1.000000e+25 & 1.801000e+01 & 
1942090100 256.000000 32.299999 1.000000e+25 & 1.543000e+01 & 
1942090106 255.699997 32.500000 1.000000e+25 & 1.286000e+01 & 
1942090112 255.500000 33.000000 1.000000e+25 & 1.286000e+01 & 
TRACK_ID  25 START_TIME 1942082506
POINT_NUM  39
1942082506 297.500000 27.500000 1.000000e+25 & 3.344000e+01 & 
1942082512 297.000000 28.600000 1.000000e+25 & 3.344000e+01 & 
1942082518 296.600006 30.000000 1.000000e+25 & 3.858000e+01 & 
1942082600 296.500000 31.400000 1.000000e+25 & 4.630000e+01 & 
1942082606 296.899994 32.299999 1.000000e+25 & 4.887000e+01 & 
1942082612 297.799988 33.200001 1.000000e+25 & 4.887000e+01 & 
1942082618 299.600006 34.200001 1.000000e+25 & 4.887000e+01 & 
1942082700 301.299988 35.099998 1.000000e+25 & 4.630000e+01 & 
1942082706 302.200012 35.599998 1.000000e+25 & 4.630000e+01 & 
1942082712 302.799988 35.900002 1.000000e+25 & 4.373000e+01 & 
1942082718 303.299988 36.299999 1.000000e+25 & 4.373000e+01 & 
1942082800 303.799988 36.799999 1.000000e+25 & 4.116000e+01 & 
1942082806 304.299988 37.299999 1.000000e+25 & 4.116000e+01 & 
1942082812 304.799988 37.799999 1.000000e+25 & 3.858000e+01 & 
1942082818 305.500000 38.200001 1.000000e+25 & 3.858000e+01 & 
1942082900 306.100006 38.599998 1.000000e+25 & 3.601000e+01 & 
1942082906 306.600006 38.900002 1.000000e+25 & 3.601000e+01 & 
1942082912 307.000000 39.000000 1.000000e+25 & 3.344000e+01 & 
1942082918 307.299988 39.099998 1.000000e+25 & 3.087000e+01 & 
1942083000 307.600006 39.099998 1.000000e+25 & 2.829000e+01 & 
1942083006 307.799988 39.000000 1.000000e+25 & 2.829000e+01 & 
1942083012 308.000000 39.000000 1.000000e+25 & 2.572000e+01 & 
1942083018 308.000000 38.799999 1.000000e+25 & 2.315000e+01 & 
1942083100 307.799988 38.500000 1.000000e+25 & 2.315000e+01 & 
1942083106 307.399994 38.200001 1.000000e+25 & 2.315000e+01 & 
1942083112 307.000000 38.000000 1.000000e+25 & 2.315000e+01 & 
1942083118 306.799988 37.799999 1.000000e+25 & 2.315000e+01 & 
1942090100 306.600006 37.599998 1.000000e+25 & 2.058000e+01 & 
1942090106 306.399994 37.299999 1.000000e+25 & 2.058000e+01 & 
1942090112 306.000000 37.000000 1.000000e+25 & 1.801000e+01 & 
1942090118 305.299988 36.400002 1.000000e+25 & 1.801000e+01 & 
1942090200 304.799988 36.000000 1.000000e+25 & 1.801000e+01 & 
1942090206 303.500000 35.599998 1.000000e+25 & 1.801000e+01 & 
1942090212 302.100006 35.200001 1.000000e+25 & 1.801000e+01 & 
1942090218 300.799988 34.799999 1.000000e+25 & 1.801000e+01 & 
1942090300 299.799988 34.299999 1.000000e+25 & 1.543000e+01 & 
1942090306 299.299988 33.700001 1.000000e+25 & 1.543000e+01 & 
1942090312 299.000000 33.000000 1.000000e+25 & 1.286000e+01 & 
1942090318 298.799988 32.500000 1.000000e+25 & 1.286000e+01 & 
TRACK_ID  28 START_TIME 1942082900
POINT_NUM  41
1942082900 89.900002 18.400000 1.000000e+25 & 1.000000e+25 & 
1942082906 89.680000 18.480000 1.000000e+25 & 1.000000e+25 & 
1942082912 89.480003 18.650000 1.000000e+25 & 1.000000e+25 & 
1942082918 89.110001 18.910000 1.000000e+25 & 1.000000e+25 & 
1942083000 88.629997 19.209999 1.000000e+25 & 1.000000e+25 & 
1942083006 88.000000 19.590000 1.000000e+25 & 1.000000e+25 & 
1942083012 87.370003 20.000000 1.000000e+25 & 1.000000e+25 & 
1942083018 86.709999 20.400000 1.000000e+25 & 1.000000e+25 & 
1942083100 86.110001 20.799999 1.000000e+25 & 1.000000e+25 & 
1942083106 85.010002 21.250000 1.000000e+25 & 1.000000e+25 & 
1942083112 83.709999 21.600000 1.000000e+25 & 1.000000e+25 & 
1942083118 82.690002 21.940001 1.000000e+25 & 1.000000e+25 & 
1942090100 81.860001 22.309999 1.000000e+25 & 1.000000e+25 & 
1942090106 81.370003 22.709999 1.000000e+25 & 1.000000e+25 & 
1942090112 80.989998 23.190001 1.000000e+25 & 1.000000e+25 & 
1942090118 80.529999 23.600000 1.000000e+25 & 1.000000e+25 & 
1942090200 80.029999 23.930000 1.000000e+25 & 1.000000e+25 & 
1942090206 79.529999 24.090000 1.000000e+25 & 1.000000e+25 & 
1942090212 79.040001 24.180000 1.000000e+25 & 1.000000e+25 & 
1942090218 78.389999 24.280001 1.000000e+25 & 1.000000e+25 & 
1942090300 77.750000 24.530001 1.000000e+25 & 1.000000e+25 & 
1942090306 77.290001 24.889999 1.000000e+25 & 1.000000e+25 & 
1942090312 76.980003 25.370001 1.000000e+25 & 1.000000e+25 & 
1942090318 76.669998 25.940001 1.000000e+25 & 1.000000e+25 & 
1942090400 76.300003 26.480000 1.000000e+25 & 1.000000e+25 & 
1942090406 75.839996 26.770000 1.000000e+25 & 1.000000e+25 & 
1942090412 75.330002 26.959999 1.000000e+25 & 1.000000e+25 & 
1942090418 74.809998 27.160000 1.000000e+25 & 1.000000e+25 & 
1942090500 74.300003 27.430000 1.000000e+25 & 1.000000e+25 & 
1942090506 74.040001 27.719999 1.000000e+25 & 1.000000e+25 & 
1942090512 74.000000 28.030001 1.000000e+25 & 1.000000e+25 & 
1942090518 74.000000 28.320000 1.000000e+25 & 1.000000e+25 & 
1942090600 74.070000 28.549999 1.000000e+25 & 1.000000e+25 & 
1942090606 74.180000 28.690001 1.000000e+25 & 1.000000e+25 & 
1942090612 74.349998 28.780001 1.000000e+25 & 1.000000e+25 & 
1942090618 74.540001 28.879999 1.000000e+25 & 1.000000e+25 & 
1942090700 74.739998 28.980000 1.000000e+25 & 1.000000e+25 & 
1942090706 75.019997 29.080000 1.000000e+25 & 1.000000e+25 & 
1942090712 75.320000 29.180000 1.000000e+25 & 1.000000e+25 & 
1942090718 75.559998 29.209999 1.000000e+25 & 1.000000e+25 & 
1942090800 75.820000 29.209999 1.000000e+25 & 1.000000e+25 & 
TRACK_ID  30 START_TIME 1942090900
POINT_NUM  17
1942090900 91.900002 20.700001 1.000000e+25 & 1.000000e+25 & 
1942090906 91.489998 20.700001 1.000000e+25 & 1.000000e+25 & 
1942090912 91.010002 20.700001 1.000000e+25 & 1.000000e+25 & 
1942090918 90.650002 20.700001 1.000000e+25 & 1.000000e+25 & 
1942091000 90.199997 20.700001 1.000000e+25 & 1.000000e+25 & 
1942091006 89.730003 20.700001 1.000000e+25 & 1.000000e+25 & 
1942091012 89.230003 20.700001 1.000000e+25 & 1.000000e+25 & 
1942091018 88.739998 20.709999 1.000000e+25 & 1.000000e+25 & 
1942091100 88.260002 20.790001 1.000000e+25 & 1.000000e+25 & 
1942091106 87.449997 20.799999 1.000000e+25 & 1.000000e+25 & 
1942091112 86.459999 20.799999 1.000000e+25 & 1.000000e+25 & 
1942091118 85.400002 20.809999 1.000000e+25 & 1.000000e+25 & 
1942091200 84.370003 20.879999 1.000000e+25 & 1.000000e+25 & 
1942091206 83.269997 20.969999 1.000000e+25 & 1.000000e+25 & 
1942091212 82.169998 21.070000 1.000000e+25 & 1.000000e+25 & 
1942091218 81.169998 21.170000 1.000000e+25 & 1.000000e+25 & 
1942091300 80.220001 21.270000 1.000000e+25 & 1.000000e+25 & 
TRACK_ID  35 START_TIME 1942091900
POINT_NUM  13
1942091900 89.300003 22.799999 1.000000e+25 & 1.000000e+25 & 
1942091906 88.989998 22.809999 1.000000e+25 & 1.000000e+25 & 
1942091912 88.680000 22.879999 1.000000e+25 & 1.000000e+25 & 
1942091918 88.370003 23.020000 1.000000e+25 & 1.000000e+25 & 
1942092000 88.150002 23.219999 1.000000e+25 & 1.000000e+25 & 
1942092006 87.940002 23.730000 1.000000e+25 & 1.000000e+25 & 
1942092012 87.879997 24.340000 1.000000e+25 & 1.000000e+25 & 
1942092018 88.110001 24.940001 1.000000e+25 & 1.000000e+25 & 
1942092100 88.580002 25.320000 1.000000e+25 & 1.000000e+25 & 
1942092106 89.000000 25.500000 1.000000e+25 & 1.000000e+25 & 
1942092112 89.400002 25.590000 1.000000e+25 & 1.000000e+25 & 
1942092118 89.790001 25.660000 1.000000e+25 & 1.000000e+25 & 
1942092200 90.250000 25.760000 1.000000e+25 & 1.000000e+25 & 
TRACK_ID  36 START_TIME 1942091812
POINT_NUM  27
1942091812 295.000000 35.000000 1.000000e+25 & 1.801000e+01 & 
1942091818 294.799988 34.400002 1.000000e+25 & 1.801000e+01 & 
1942091900 294.000000 33.700001 1.000000e+25 & 1.801000e+01 & 
1942091906 292.799988 33.000000 1.000000e+25 & 2.058000e+01 & 
1942091912 292.000000 32.500000 1.000000e+25 & 2.058000e+01 & 
1942091918 291.500000 32.700001 1.000000e+25 & 2.315000e+01 & 
1942092000 291.100006 33.200001 1.000000e+25 & 2.315000e+01 & 
1942092006 290.799988 33.900002 1.000000e+25 & 2.315000e+01 & 
1942092012 290.500000 34.500000 1.000000e+25 & 2.315000e+01 & 
1942092018 290.500000 34.900002 1.000000e+25 & 2.315000e+01 & 
1942092100 290.799988 35.200001 1.000000e+25 & 2.315000e+01 & 
1942092106 291.100006 35.599998 1.000000e+25 & 2.315000e+01 & 
1942092112 291.500000 36.000000 1.000000e+25 & 2.058000e+01 & 
1942092118 291.899994 36.700001 1.000000e+25 & 2.058000e+01 & 
1942092200 292.299988 37.700001 1.000000e+25 & 2.058000e+01 & 
1942092206 292.899994 38.900002 1.000000e+25 & 2.058000e+01 & 
1942092212 293.500000 40.000000 1.000000e+25 & 1.801000e+01 & 
1942092218 294.500000 40.799999 1.000000e+25 & 1.801000e+01 & 
1942092300 295.799988 41.400002 1.000000e+25 & 1.801000e+01 & 
1942092306 297.200012 42.000000 1.000000e+25 & 1.801000e+01 & 
1942092312 298.500000 42.500000 1.000000e+25 & 1.801000e+01 & 
1942092318 299.399994 43.000000 1.000000e+25 & 1.801000e+01 & 
1942092400 300.299988 43.700001 1.000000e+25 & 1.801000e+01 & 
1942092406 301.200012 44.500000 1.000000e+25 & 1.801000e+01 & 
1942092412 302.000000 45.500000 1.000000e+25 & 1.801000e+01 & 
1942092418 303.100006 47.000000 1.000000e+25 & 1.801000e+01 & 
1942092500 305.000000 49.000000 1.000000e+25 & 1.801000e+01 & 
TRACK_ID  34 START_TIME 1942091900
POINT_NUM  20
1942091900 127.470001 20.000000 1.000000e+25 & 1.000000e+25 & 
1942091906 127.980003 21.650000 1.000000e+25 & 1.000000e+25 & 
1942091912 128.960007 22.809999 1.000000e+25 & 1.000000e+25 & 
1942091918 130.240005 23.629999 1.000000e+25 & 1.000000e+25 & 
1942092000 131.210007 24.760000 1.000000e+25 & 1.000000e+25 & 
1942092006 131.740005 26.250000 1.000000e+25 & 1.000000e+25 & 
1942092012 131.919998 27.540001 1.000000e+25 & 1.000000e+25 & 
1942092018 131.919998 28.740000 1.000000e+25 & 1.000000e+25 & 
1942092100 132.570007 30.840000 1.000000e+25 & 1.000000e+25 & 
1942092106 133.990005 33.820000 1.000000e+25 & 1.000000e+25 & 
1942092112 135.690002 36.680000 1.000000e+25 & 1.000000e+25 & 
1942092118 137.369995 39.130001 1.000000e+25 & 1.000000e+25 & 
1942092200 138.009995 40.820000 1.000000e+25 & 1.000000e+25 & 
1942092206 137.479996 41.799999 1.000000e+25 & 1.000000e+25 & 
1942092212 136.779999 42.650002 1.000000e+25 & 1.000000e+25 & 
1942092218 136.210007 43.560001 1.000000e+25 & 1.000000e+25 & 
1942092300 136.139999 44.840000 1.000000e+25 & 1.000000e+25 & 
1942092306 136.729996 46.389999 1.000000e+25 & 1.000000e+25 & 
1942092312 138.039993 47.400002 1.000000e+25 & 1.000000e+25 & 
1942092318 139.889999 47.689999 1.000000e+25 & 1.000000e+25 & 
TRACK_ID  32 START_TIME 1942091518
POINT_NUM  32
1942091518 301.200012 12.500000 1.000000e+25 & 1.801000e+01 & 
1942091600 299.500000 13.300000 1.000000e+25 & 1.801000e+01 & 
1942091606 297.899994 14.000000 1.000000e+25 & 1.801000e+01 & 
1942091612 296.299988 14.500000 1.000000e+25 & 2.058000e+01 & 
1942091618 294.600006 14.900000 1.000000e+25 & 2.058000e+01 & 
1942091700 292.899994 15.300000 1.000000e+25 & 2.058000e+01 & 
1942091706 291.299988 15.700000 1.000000e+25 & 2.315000e+01 & 
1942091712 289.700012 16.100000 1.000000e+25 & 2.315000e+01 & 
1942091718 288.100006 16.299999 1.000000e+25 & 2.315000e+01 & 
1942091800 286.700012 16.400000 1.000000e+25 & 2.315000e+01 & 
1942091806 285.500000 16.500000 1.000000e+25 & 2.315000e+01 & 
1942091812 284.500000 16.500000 1.000000e+25 & 2.315000e+01 & 
1942091818 283.700012 16.500000 1.000000e+25 & 2.315000e+01 & 
1942091900 282.899994 16.500000 1.000000e+25 & 2.315000e+01 & 
1942091906 282.100006 16.500000 1.000000e+25 & 2.315000e+01 & 
1942091912 281.299988 16.500000 1.000000e+25 & 2.315000e+01 & 
1942091918 280.600006 16.500000 1.000000e+25 & 2.315000e+01 & 
1942092000 279.799988 16.500000 1.000000e+25 & 2.315000e+01 & 
1942092006 279.000000 16.600000 1.000000e+25 & 2.315000e+01 & 
1942092012 278.200012 16.700001 1.000000e+25 & 2.315000e+01 & 
1942092018 277.399994 16.799999 1.000000e+25 & 2.315000e+01 & 
1942092100 276.600006 16.799999 1.000000e+25 & 2.315000e+01 & 
1942092106 275.799988 16.799999 1.000000e+25 & 2.058000e+01 & 
1942092112 275.000000 16.799999 1.000000e+25 & 2.058000e+01 & 
1942092118 274.200012 16.799999 1.000000e+25 & 2.058000e+01 & 
1942092200 273.399994 16.799999 1.000000e+25 & 2.058000e+01 & 
1942092206 272.700012 16.799999 1.000000e+25 & 2.058000e+01 & 
1942092212 272.000000 16.799999 1.000000e+25 & 1.801000e+01 & 
1942092218 271.299988 16.799999 1.000000e+25 & 1.543000e+01 & 
1942092300 270.600006 16.799999 1.000000e+25 & 1.543000e+01 & 
1942092306 269.799988 16.799999 1.000000e+25 & 1.286000e+01 & 
1942092312 269.000000 16.799999 1.000000e+25 & 1.286000e+01 & 
TRACK_ID  27 START_TIME 1942082812
POINT_NUM  23
1942082812 117.800003 16.600000 1.000000e+25 & 1.000000e+25 & 
1942082818 117.650002 16.680000 1.000000e+25 & 1.000000e+25 & 
1942082900 117.400002 16.799999 1.000000e+25 & 1.000000e+25 & 
1942082906 116.989998 16.990000 1.000000e+25 & 1.000000e+25 & 
1942082912 116.500000 17.200001 1.000000e+25 & 1.000000e+25 & 
1942082918 116.029999 17.410000 1.000000e+25 & 1.000000e+25 & 
1942083000 115.599998 17.600000 1.000000e+25 & 1.000000e+25 & 
1942083006 115.279999 17.709999 1.000000e+25 & 1.000000e+25 & 
1942083012 115.000000 17.799999 1.000000e+25 & 1.000000e+25 & 
1942083018 114.720001 17.940001 1.000000e+25 & 1.000000e+25 & 
1942083100 114.400002 18.100000 1.000000e+25 & 1.000000e+25 & 
1942083106 114.019997 18.250000 1.000000e+25 & 1.000000e+25 & 
1942083112 113.599998 18.400000 1.000000e+25 & 1.000000e+25 & 
1942083118 113.139999 18.549999 1.000000e+25 & 1.000000e+25 & 
1942090100 112.699997 18.700001 1.000000e+25 & 1.000000e+25 & 
1942090106 112.349998 18.850000 1.000000e+25 & 1.000000e+25 & 
1942090112 112.000000 19.000000 1.000000e+25 & 1.000000e+25 & 
1942090118 111.589996 19.150000 1.000000e+25 & 1.000000e+25 & 
1942090200 111.099998 19.299999 1.000000e+25 & 1.000000e+25 & 
1942090206 110.540001 19.469999 1.000000e+25 & 1.000000e+25 & 
1942090212 109.900002 19.600000 1.000000e+25 & 1.000000e+25 & 
1942090218 109.209999 19.629999 1.000000e+25 & 1.000000e+25 & 
1942090300 108.500000 19.600000 1.000000e+25 & 1.000000e+25 & 
TRACK_ID  37 START_TIME 1942092200
POINT_NUM  12
1942092200 154.399994 21.049999 1.000000e+25 & 1.000000e+25 & 
1942092206 152.600006 21.790001 1.000000e+25 & 1.000000e+25 & 
1942092212 150.800003 22.660000 1.000000e+25 & 1.000000e+25 & 
1942092218 149.039993 23.709999 1.000000e+25 & 1.000000e+25 & 
1942092300 147.350006 24.889999 1.000000e+25 & 1.000000e+25 & 
1942092306 145.770004 26.219999 1.000000e+25 & 1.000000e+25 & 
1942092312 144.330002 27.809999 1.000000e+25 & 1.000000e+25 & 
1942092318 143.250000 29.700001 1.000000e+25 & 1.000000e+25 & 
1942092400 143.660004 32.090000 1.000000e+25 & 1.000000e+25 & 
1942092406 145.610001 34.799999 1.000000e+25 & 1.000000e+25 & 
1942092412 147.940002 36.990002 1.000000e+25 & 1.000000e+25 & 
1942092418 150.070007 38.480000 1.000000e+25 & 1.000000e+25 & 
TRACK_ID  40 START_TIME 1942092706
POINT_NUM  13
1942092706 296.500000 29.799999 1.000000e+25 & 1.801000e+01 & 
1942092712 296.000000 30.000000 1.000000e+25 & 1.801000e+01 & 
1942092718 295.500000 30.200001 1.000000e+25 & 1.801000e+01 & 
1942092800 295.000000 30.400000 1.000000e+25 & 1.801000e+01 & 
1942092806 294.500000 30.700001 1.000000e+25 & 2.058000e+01 & 
1942092812 294.000000 31.000000 1.000000e+25 & 2.058000e+01 & 
1942092818 293.700012 31.500000 1.000000e+25 & 2.315000e+01 & 
1942092900 293.399994 32.200001 1.000000e+25 & 2.315000e+01 & 
1942092906 293.100006 33.000000 1.000000e+25 & 2.315000e+01 & 
1942092912 293.100006 33.900002 1.000000e+25 & 2.058000e+01 & 
1942092918 293.600006 34.799999 1.000000e+25 & 2.058000e+01 & 
1942093000 294.500000 35.599998 1.000000e+25 & 1.801000e+01 & 
1942093006 295.899994 36.400002 1.000000e+25 & 1.543000e+01 & 
TRACK_ID  33 START_TIME 1942091612
POINT_NUM  14
1942091612 137.350006 16.700001 1.000000e+25 & 1.000000e+25 & 
1942091618 137.820007 18.580000 1.000000e+25 & 1.000000e+25 & 
1942091700 138.130005 20.100000 1.000000e+25 & 1.000000e+25 & 
1942091706 138.270004 21.270000 1.000000e+25 & 1.000000e+25 & 
1942091712 138.330002 22.320000 1.000000e+25 & 1.000000e+25 & 
1942091718 138.330002 23.389999 1.000000e+25 & 1.000000e+25 & 
1942091800 138.229996 24.730000 1.000000e+25 & 1.000000e+25 & 
1942091806 138.059998 26.370001 1.000000e+25 & 1.000000e+25 & 
1942091812 137.929993 27.879999 1.000000e+25 & 1.000000e+25 & 
1942091818 137.929993 29.340000 1.000000e+25 & 1.000000e+25 & 
1942091900 138.369995 31.580000 1.000000e+25 & 1.000000e+25 & 
1942091906 139.360001 34.540001 1.000000e+25 & 1.000000e+25 & 
1942091912 141.009995 37.330002 1.000000e+25 & 1.000000e+25 & 
1942091918 143.250000 39.639999 1.000000e+25 & 1.000000e+25 & 
TRACK_ID  42 START_TIME 1942093012
POINT_NUM  22
1942093012 289.000000 24.000000 1.000000e+25 & 1.543000e+01 & 
1942093018 289.200012 24.500000 1.000000e+25 & 1.543000e+01 & 
1942100100 289.399994 25.000000 1.000000e+25 & 1.801000e+01 & 
1942100106 289.600006 25.500000 1.000000e+25 & 2.058000e+01 & 
1942100112 290.000000 26.000000 1.000000e+25 & 2.315000e+01 & 
1942100118 290.899994 26.600000 1.000000e+25 & 2.315000e+01 & 
1942100200 292.000000 27.200001 1.000000e+25 & 2.315000e+01 & 
1942100206 293.200012 28.100000 1.000000e+25 & 2.572000e+01 & 
1942100212 294.399994 29.100000 1.000000e+25 & 2.829000e+01 & 
1942100218 295.600006 30.200001 1.000000e+25 & 3.087000e+01 & 
1942100300 296.700012 31.299999 1.000000e+25 & 3.087000e+01 & 
1942100306 297.799988 32.500000 1.000000e+25 & 3.087000e+01 & 
1942100312 299.000000 33.799999 1.000000e+25 & 3.087000e+01 & 
1942100318 300.600006 35.599998 1.000000e+25 & 2.829000e+01 & 
1942100400 302.399994 37.599998 1.000000e+25 & 2.572000e+01 & 
1942100406 304.399994 39.700001 1.000000e+25 & 2.315000e+01 & 
1942100412 306.000000 42.000000 1.000000e+25 & 2.058000e+01 & 
1942100418 307.000000 44.099998 1.000000e+25 & 2.315000e+01 & 
1942100500 307.799988 45.200001 1.000000e+25 & 2.572000e+01 & 
1942100506 308.399994 47.299999 1.000000e+25 & 2.829000e+01 & 
1942100512 309.000000 49.000000 1.000000e+25 & 3.087000e+01 & 
1942100518 309.500000 51.099998 1.000000e+25 & 3.087000e+01 & 
TRACK_ID  47 START_TIME 1942101312
POINT_NUM  22
1942101312 283.100006 19.400000 1.000000e+25 & 1.543000e+01 & 
1942101318 283.600006 20.200001 1.000000e+25 & 1.543000e+01 & 
1942101400 283.899994 21.200001 1.000000e+25 & 1.543000e+01 & 
1942101406 284.000000 22.500000 1.000000e+25 & 1.801000e+01 & 
1942101412 284.000000 23.700001 1.000000e+25 & 1.801000e+01 & 
1942101418 284.000000 24.600000 1.000000e+25 & 1.801000e+01 & 
1942101500 284.000000 25.000000 1.000000e+25 & 1.801000e+01 & 
1942101506 283.899994 25.400000 1.000000e+25 & 1.801000e+01 & 
1942101512 283.899994 26.000000 1.000000e+25 & 1.801000e+01 & 
1942101518 284.100006 26.700001 1.000000e+25 & 1.801000e+01 & 
1942101600 284.600006 27.400000 1.000000e+25 & 2.058000e+01 & 
1942101606 285.200012 28.200001 1.000000e+25 & 2.058000e+01 & 
1942101612 285.899994 29.000000 1.000000e+25 & 2.315000e+01 & 
1942101618 286.600006 30.000000 1.000000e+25 & 2.315000e+01 & 
1942101700 287.399994 31.000000 1.000000e+25 & 2.315000e+01 & 
1942101706 287.899994 32.000000 1.000000e+25 & 2.315000e+01 & 
1942101712 288.200012 33.000000 1.000000e+25 & 2.315000e+01 & 
1942101718 289.100006 34.000000 1.000000e+25 & 2.058000e+01 & 
1942101800 290.399994 35.000000 1.000000e+25 & 2.058000e+01 & 
1942101806 291.700012 36.000000 1.000000e+25 & 1.801000e+01 & 
1942101812 293.000000 37.000000 1.000000e+25 & 1.801000e+01 & 
1942101818 294.000000 38.000000 1.000000e+25 & 1.801000e+01 & 
TRACK_ID  44 START_TIME 1942101006
POINT_NUM  12
1942101006 288.700012 29.600000 1.000000e+25 & 1.801000e+01 & 
1942101012 288.000000 30.000000 1.000000e+25 & 1.801000e+01 & 
1942101018 287.299988 30.400000 1.000000e+25 & 1.801000e+01 & 
1942101100 286.700012 31.000000 1.000000e+25 & 1.801000e+01 & 
1942101106 286.100006 31.799999 1.000000e+25 & 2.058000e+01 & 
1942101112 285.500000 33.000000 1.000000e+25 & 2.058000e+01 & 
1942101118 285.000000 33.900002 1.000000e+25 & 2.315000e+01 & 
1942101200 284.600006 34.599998 1.000000e+03 & 2.315000e+01 & 
1942101206 284.299988 35.099998 1.000000e+25 & 2.058000e+01 & 
1942101212 284.100006 35.500000 1.000000e+25 & 2.058000e+01 & 
1942101218 283.700012 35.599998 1.000000e+25 & 1.801000e+01 & 
1942101300 283.200012 35.400002 1.000000e+25 & 1.543000e+01 & 
TRACK_ID  43 START_TIME 1942100712
POINT_NUM  15
1942100712 113.699997 14.600000 1.000000e+25 & 1.000000e+25 & 
1942100718 113.580002 14.670000 1.000000e+25 & 1.000000e+25 & 
1942100800 113.300003 14.800000 1.000000e+25 & 1.000000e+25 & 
1942100806 112.779999 15.040000 1.000000e+25 & 1.000000e+25 & 
1942100812 112.199997 15.300000 1.000000e+25 & 1.000000e+25 & 
1942100818 111.800003 15.480000 1.000000e+25 & 1.000000e+25 & 
1942100900 111.400002 15.700000 1.000000e+25 & 1.000000e+25 & 
1942100906 110.879997 16.070000 1.000000e+25 & 1.000000e+25 & 
1942100912 110.300003 16.500000 1.000000e+25 & 1.000000e+25 & 
1942100918 109.709999 16.870001 1.000000e+25 & 1.000000e+25 & 
1942101000 109.099998 17.299999 1.000000e+25 & 1.000000e+25 & 
1942101006 108.470001 17.870001 1.000000e+25 & 1.000000e+25 & 
1942101012 107.800003 18.500000 1.000000e+25 & 1.000000e+25 & 
1942101018 107.110001 19.110001 1.000000e+25 & 1.000000e+25 & 
1942101100 106.400002 19.700001 1.000000e+25 & 1.000000e+25 & 
TRACK_ID  49 START_TIME 1942103100
POINT_NUM  17
1942103100 84.800003 10.900000 1.000000e+25 & 1.000000e+25 & 
1942103106 84.239998 10.980000 1.000000e+25 & 1.000000e+25 & 
1942103112 83.720001 11.290000 1.000000e+25 & 1.000000e+25 & 
1942103118 83.360001 11.970000 1.000000e+25 & 1.000000e+25 & 
1942110100 83.290001 12.790000 1.000000e+25 & 1.000000e+25 & 
1942110106 83.430000 13.470000 1.000000e+25 & 1.000000e+25 & 
1942110112 83.720001 14.060000 1.000000e+25 & 1.000000e+25 & 
1942110118 84.019997 14.630000 1.000000e+25 & 1.000000e+25 & 
1942110200 84.309998 15.150000 1.000000e+25 & 1.000000e+25 & 
1942110206 84.690002 15.820000 1.000000e+25 & 1.000000e+25 & 
1942110212 85.160004 16.520000 1.000000e+25 & 1.000000e+25 & 
1942110218 85.839996 17.219999 1.000000e+25 & 1.000000e+25 & 
1942110300 86.639999 17.850000 1.000000e+25 & 1.000000e+25 & 
1942110306 86.940002 18.379999 1.000000e+25 & 1.000000e+25 & 
1942110312 87.160004 18.870001 1.000000e+25 & 1.000000e+25 & 
1942110318 88.309998 19.510000 1.000000e+25 & 1.000000e+25 & 
1942110400 90.000000 20.070000 1.000000e+25 & 1.000000e+25 & 
TRACK_ID  51 START_TIME 1942111012
POINT_NUM  19
1942111012 129.699997 11.200000 1.000000e+25 & 1.000000e+25 & 
1942111018 129.320007 11.240000 1.000000e+25 & 1.000000e+25 & 
1942111100 128.699997 11.400000 1.000000e+25 & 1.000000e+25 & 
1942111106 127.660004 11.730000 1.000000e+25 & 1.000000e+25 & 
1942111112 126.400002 12.100000 1.000000e+25 & 1.000000e+25 & 
1942111118 125.169998 12.340000 1.000000e+25 & 1.000000e+25 & 
1942111200 123.900002 12.600000 1.000000e+25 & 1.000000e+25 & 
1942111206 122.599998 12.970000 1.000000e+25 & 1.000000e+25 & 
1942111212 121.300003 13.400000 1.000000e+25 & 1.000000e+25 & 
1942111218 119.989998 13.870000 1.000000e+25 & 1.000000e+25 & 
1942111300 118.800003 14.300000 1.000000e+25 & 1.000000e+25 & 
1942111306 117.820000 14.580000 1.000000e+25 & 1.000000e+25 & 
1942111312 117.000000 14.800000 1.000000e+25 & 1.000000e+25 & 
1942111318 116.230003 15.050000 1.000000e+25 & 1.000000e+25 & 
1942111400 115.500000 15.300000 1.000000e+25 & 1.000000e+25 & 
1942111406 114.699997 15.530000 1.000000e+25 & 1.000000e+25 & 
1942111412 113.900002 15.800000 1.000000e+25 & 1.000000e+25 & 
1942111418 113.139999 16.129999 1.000000e+25 & 1.000000e+25 & 
1942111500 112.400002 16.500000 1.000000e+25 & 1.000000e+25 & 
TRACK_ID  52 START_TIME 1942111300
POINT_NUM  13
1942111300 94.699997 14.300000 1.000000e+25 & 1.000000e+25 & 
1942111306 93.580002 14.310000 1.000000e+25 & 1.000000e+25 & 
1942111312 92.250000 14.530000 1.000000e+25 & 1.000000e+25 & 
1942111318 90.849998 15.010000 1.000000e+25 & 1.000000e+25 & 
1942111400 89.800003 15.410000 1.000000e+25 & 1.000000e+25 & 
1942111406 89.519997 15.530000 1.000000e+25 & 1.000000e+25 & 
1942111412 89.550003 15.520000 1.000000e+25 & 1.000000e+25 & 
1942111418 89.639999 15.470000 1.000000e+25 & 1.000000e+25 & 
1942111500 89.669998 15.440000 1.000000e+25 & 1.000000e+25 & 
1942111506 89.000000 15.940000 1.000000e+25 & 1.000000e+25 & 
1942111512 87.769997 16.930000 1.000000e+25 & 1.000000e+25 & 
1942111518 86.910004 18.000000 1.000000e+25 & 1.000000e+25 & 
1942111600 86.440002 19.190001 1.000000e+25 & 1.000000e+25 & 
TRACK_ID  50 START_TIME 1942110500
POINT_NUM  28
1942110500 288.000000 21.799999 1.000000e+25 & 1.801000e+01 & 
1942110506 287.799988 22.200001 1.000000e+25 & 2.058000e+01 & 
1942110512 287.500000 22.500000 1.000000e+25 & 2.058000e+01 & 
1942110518 286.700012 22.799999 1.000000e+25 & 2.315000e+01 & 
1942110600 285.500000 23.000000 1.000000e+25 & 2.572000e+01 & 
1942110606 284.299988 23.000000 1.000000e+25 & 3.087000e+01 & 
1942110612 283.200012 22.700001 1.000000e+25 & 3.344000e+01 & 
1942110618 282.200012 22.299999 1.000000e+25 & 3.601000e+01 & 
1942110700 280.899994 21.799999 1.000000e+25 & 3.087000e+01 & 
1942110706 279.600006 21.100000 1.000000e+25 & 3.087000e+01 & 
1942110712 278.299988 20.299999 1.000000e+25 & 3.344000e+01 & 
1942110718 277.100006 19.600000 1.000000e+25 & 3.601000e+01 & 
1942110800 276.000000 19.000000 1.000000e+25 & 3.858000e+01 & 
1942110806 275.000000 18.400000 1.000000e+25 & 4.116000e+01 & 
1942110812 274.000000 17.900000 1.000000e+25 & 4.373000e+01 & 
1942110818 273.000000 17.799999 1.000000e+25 & 4.887000e+01 & 
1942110900 271.899994 17.799999 1.000000e+25 & 4.887000e+01 & 
1942110906 271.100006 17.900000 1.000000e+25 & 3.344000e+01 & 
1942110912 270.299988 18.200001 1.000000e+25 & 2.572000e+01 & 
1942110918 269.799988 18.600000 1.000000e+25 & 2.058000e+01 & 
1942111000 269.299988 19.000000 1.000000e+25 & 2.058000e+01 & 
1942111006 268.899994 19.500000 1.000000e+25 & 2.058000e+01 & 
1942111012 268.500000 20.000000 1.000000e+25 & 2.058000e+01 & 
1942111018 268.299988 20.500000 1.000000e+25 & 2.058000e+01 & 
1942111100 268.200012 20.799999 1.000000e+25 & 2.058000e+01 & 
1942111106 268.500000 20.600000 1.000000e+25 & 2.058000e+01 & 
1942111112 269.000000 20.000000 1.000000e+25 & 2.058000e+01 & 
1942111118 270.200012 19.299999 1.000000e+25 & 1.543000e+01 & 
