0
0 0
TRACK_NUM        36 ADD_FLD    1   1 &0
TRACK_ID  2 START_TIME 1943040912
POINT_NUM  23
1943040912 143.399994 6.000000 1.000000e+25 & 1.000000e+25 & 
1943040918 141.660004 5.900000 1.000000e+25 & 1.000000e+25 & 
1943041000 140.199997 5.800000 1.000000e+25 & 1.000000e+25 & 
1943041006 139.210007 5.700000 1.000000e+25 & 1.000000e+25 & 
1943041012 138.500000 5.700000 1.000000e+25 & 1.000000e+25 & 
1943041018 137.869995 5.750000 1.000000e+25 & 1.000000e+25 & 
1943041100 137.199997 6.100000 1.000000e+25 & 1.000000e+25 & 
1943041106 136.220001 6.930000 1.000000e+25 & 1.000000e+25 & 
1943041112 135.199997 8.000000 1.000000e+25 & 1.000000e+25 & 
1943041118 134.380005 9.070000 1.000000e+25 & 1.000000e+25 & 
1943041200 133.600006 10.000000 1.000000e+25 & 1.000000e+25 & 
1943041206 132.789993 10.520000 1.000000e+25 & 1.000000e+25 & 
1943041212 131.899994 10.900000 1.000000e+25 & 1.000000e+25 & 
1943041218 130.820007 11.430000 1.000000e+25 & 1.000000e+25 & 
1943041300 129.800003 11.900000 1.000000e+25 & 1.000000e+25 & 
1943041306 129.070007 12.160000 1.000000e+25 & 1.000000e+25 & 
1943041312 128.500000 12.400000 1.000000e+25 & 1.000000e+25 & 
1943041318 127.889999 12.820000 1.000000e+25 & 1.000000e+25 & 
1943041400 127.400002 13.300000 1.000000e+25 & 1.000000e+25 & 
1943041406 127.129997 13.770000 1.000000e+25 & 1.000000e+25 & 
1943041412 126.900002 14.200000 1.000000e+25 & 1.000000e+25 & 
1943041418 126.550003 14.530000 1.000000e+25 & 1.000000e+25 & 
1943041500 126.099998 14.800000 1.000000e+25 & 1.000000e+25 & 
TRACK_ID  4 START_TIME 1943042812
POINT_NUM  47
1943042812 143.300003 8.400000 1.000000e+25 & 1.000000e+25 & 
1943042818 142.789993 9.700000 1.000000e+25 & 1.000000e+25 & 
1943042900 142.300003 10.700000 1.000000e+25 & 1.000000e+25 & 
1943042906 141.839996 11.230000 1.000000e+25 & 1.000000e+25 & 
1943042912 141.399994 11.500000 1.000000e+25 & 1.000000e+25 & 
1943042918 140.899994 11.830000 1.000000e+25 & 1.000000e+25 & 
1943043000 140.500000 12.100000 1.000000e+25 & 1.000000e+25 & 
1943043006 140.360001 12.330000 1.000000e+25 & 1.000000e+25 & 
1943043012 140.300003 12.500000 1.000000e+25 & 1.000000e+25 & 
1943043018 140.110001 12.590000 1.000000e+25 & 1.000000e+25 & 
1943050100 139.899994 12.700000 1.000000e+25 & 1.000000e+25 & 
1943050106 139.740005 12.940000 1.000000e+25 & 1.000000e+25 & 
1943050112 139.600006 13.200000 1.000000e+25 & 1.000000e+25 & 
1943050118 139.539993 13.380000 1.000000e+25 & 1.000000e+25 & 
1943050200 139.399994 13.600000 1.000000e+25 & 1.000000e+25 & 
1943050206 139.020004 14.030000 1.000000e+25 & 1.000000e+25 & 
1943050212 138.600006 14.300000 1.000000e+25 & 1.000000e+25 & 
1943050218 138.339996 14.060000 1.000000e+25 & 1.000000e+25 & 
1943050300 138.100006 13.600000 1.000000e+25 & 1.000000e+25 & 
1943050306 137.789993 13.160000 1.000000e+25 & 1.000000e+25 & 
1943050312 137.399994 12.800000 1.000000e+25 & 1.000000e+25 & 
1943050318 136.960007 12.600000 1.000000e+25 & 1.000000e+25 & 
1943050400 136.300003 12.600000 1.000000e+25 & 1.000000e+25 & 
1943050406 135.309998 12.770000 1.000000e+25 & 1.000000e+25 & 
1943050412 134.100006 13.100000 1.000000e+25 & 1.000000e+25 & 
1943050418 132.729996 13.530000 1.000000e+25 & 1.000000e+25 & 
1943050500 131.500000 14.000000 1.000000e+25 & 1.000000e+25 & 
1943050506 130.699997 14.360000 1.000000e+25 & 1.000000e+25 & 
1943050512 130.199997 14.800000 1.000000e+25 & 1.000000e+25 & 
1943050518 129.919998 15.510000 1.000000e+25 & 1.000000e+25 & 
1943050600 129.600006 16.200001 1.000000e+25 & 1.000000e+25 & 
1943050606 128.940002 16.690001 1.000000e+25 & 1.000000e+25 & 
1943050612 128.000000 16.900000 1.000000e+25 & 1.000000e+25 & 
1943050618 126.599998 16.540001 1.000000e+25 & 1.000000e+25 & 
1943050700 125.599998 16.400000 1.000000e+25 & 1.000000e+25 & 
1943050706 125.839996 17.309999 1.000000e+25 & 1.000000e+25 & 
1943050712 126.599998 18.600000 1.000000e+25 & 1.000000e+25 & 
1943050718 126.970001 19.510000 1.000000e+25 & 1.000000e+25 & 
1943050800 127.599998 20.600000 1.000000e+25 & 1.000000e+25 & 
1943050806 128.789993 22.270000 1.000000e+25 & 1.000000e+25 & 
1943050812 130.399994 24.000000 1.000000e+25 & 1.000000e+25 & 
1943050818 132.149994 25.340000 1.000000e+25 & 1.000000e+25 & 
1943050900 134.199997 26.400000 1.000000e+25 & 1.000000e+25 & 
1943050906 136.589996 27.190001 1.000000e+25 & 1.000000e+25 & 
1943050912 139.000000 27.900000 1.000000e+25 & 1.000000e+25 & 
1943050918 141.100006 28.790001 1.000000e+25 & 1.000000e+25 & 
1943051000 143.000000 29.799999 1.000000e+25 & 1.000000e+25 & 
TRACK_ID  5 START_TIME 1943051100
POINT_NUM  40
1943051100 133.589996 10.050000 1.000000e+25 & 1.000000e+25 & 
1943051106 132.789993 10.190000 1.000000e+25 & 1.000000e+25 & 
1943051112 132.020004 10.450000 1.000000e+25 & 1.000000e+25 & 
1943051118 131.309998 10.820000 1.000000e+25 & 1.000000e+25 & 
1943051200 130.720001 11.140000 1.000000e+25 & 1.000000e+25 & 
1943051206 130.240005 11.390000 1.000000e+25 & 1.000000e+25 & 
1943051212 129.720001 11.610000 1.000000e+25 & 1.000000e+25 & 
1943051218 129.160004 11.810000 1.000000e+25 & 1.000000e+25 & 
1943051300 128.679993 11.990000 1.000000e+25 & 1.000000e+25 & 
1943051306 128.289993 12.140000 1.000000e+25 & 1.000000e+25 & 
1943051312 127.870003 12.240000 1.000000e+25 & 1.000000e+25 & 
1943051318 127.419998 12.280000 1.000000e+25 & 1.000000e+25 & 
1943051400 127.019997 12.340000 1.000000e+25 & 1.000000e+25 & 
1943051406 126.680000 12.450000 1.000000e+25 & 1.000000e+25 & 
1943051412 126.300003 12.510000 1.000000e+25 & 1.000000e+25 & 
1943051418 125.849998 12.590000 1.000000e+25 & 1.000000e+25 & 
1943051500 125.330002 12.890000 1.000000e+25 & 1.000000e+25 & 
1943051506 124.730003 13.460000 1.000000e+25 & 1.000000e+25 & 
1943051512 123.949997 14.170000 1.000000e+25 & 1.000000e+25 & 
1943051518 123.110001 14.950000 1.000000e+25 & 1.000000e+25 & 
1943051600 123.000000 15.590000 1.000000e+25 & 1.000000e+25 & 
1943051606 123.610001 16.090000 1.000000e+25 & 1.000000e+25 & 
1943051612 123.989998 16.490000 1.000000e+25 & 1.000000e+25 & 
1943051618 124.010002 16.860001 1.000000e+25 & 1.000000e+25 & 
1943051700 124.019997 17.430000 1.000000e+25 & 1.000000e+25 & 
1943051706 124.070000 18.200001 1.000000e+25 & 1.000000e+25 & 
1943051712 124.080002 18.910000 1.000000e+25 & 1.000000e+25 & 
1943051718 124.139999 19.570000 1.000000e+25 & 1.000000e+25 & 
1943051800 124.589996 20.580000 1.000000e+25 & 1.000000e+25 & 
1943051806 125.480003 21.889999 1.000000e+25 & 1.000000e+25 & 
1943051812 126.410004 22.889999 1.000000e+25 & 1.000000e+25 & 
1943051818 127.449997 23.639999 1.000000e+25 & 1.000000e+25 & 
1943051900 129.199997 25.070000 1.000000e+25 & 1.000000e+25 & 
1943051906 131.720001 27.120001 1.000000e+25 & 1.000000e+25 & 
1943051912 134.339996 28.930000 1.000000e+25 & 1.000000e+25 & 
1943051918 137.039993 30.299999 1.000000e+25 & 1.000000e+25 & 
1943052000 140.449997 31.040001 1.000000e+25 & 1.000000e+25 & 
1943052006 144.460007 31.270000 1.000000e+25 & 1.000000e+25 & 
1943052012 148.190002 31.959999 1.000000e+25 & 1.000000e+25 & 
1943052018 151.490005 33.380001 1.000000e+25 & 1.000000e+25 & 
TRACK_ID  6 START_TIME 1943051300
POINT_NUM  41
1943051300 82.300003 10.700000 1.000000e+25 & 1.000000e+25 & 
1943051306 82.300003 10.700000 1.000000e+25 & 1.000000e+25 & 
1943051312 82.300003 10.700000 1.000000e+25 & 1.000000e+25 & 
1943051318 82.300003 10.700000 1.000000e+25 & 1.000000e+25 & 
1943051400 82.300003 10.700000 1.000000e+25 & 1.000000e+25 & 
1943051406 82.300003 10.700000 1.000000e+25 & 1.000000e+25 & 
1943051412 82.300003 10.700000 1.000000e+25 & 1.000000e+25 & 
1943051418 82.309998 10.690000 1.000000e+25 & 1.000000e+25 & 
1943051500 82.309998 10.690000 1.000000e+25 & 1.000000e+25 & 
1943051506 82.160004 10.790000 1.000000e+25 & 1.000000e+25 & 
1943051512 81.959999 11.040000 1.000000e+25 & 1.000000e+25 & 
1943051518 81.750000 11.250000 1.000000e+25 & 1.000000e+25 & 
1943051600 81.550003 11.460000 1.000000e+25 & 1.000000e+25 & 
1943051606 81.349998 11.580000 1.000000e+25 & 1.000000e+25 & 
1943051612 81.139999 11.680000 1.000000e+25 & 1.000000e+25 & 
1943051618 81.010002 11.780000 1.000000e+25 & 1.000000e+25 & 
1943051700 80.910004 11.880000 1.000000e+25 & 1.000000e+25 & 
1943051706 80.889999 11.910000 1.000000e+25 & 1.000000e+25 & 
1943051712 80.900002 11.900000 1.000000e+25 & 1.000000e+25 & 
1943051718 80.919998 11.890000 1.000000e+25 & 1.000000e+25 & 
1943051800 80.930000 11.880000 1.000000e+25 & 1.000000e+25 & 
1943051806 80.669998 12.060000 1.000000e+25 & 1.000000e+25 & 
1943051812 80.209999 12.420000 1.000000e+25 & 1.000000e+25 & 
1943051818 79.879997 12.640000 1.000000e+25 & 1.000000e+25 & 
1943051900 79.589996 12.760000 1.000000e+25 & 1.000000e+25 & 
1943051906 79.139999 13.010000 1.000000e+25 & 1.000000e+25 & 
1943051912 78.629997 13.230000 1.000000e+25 & 1.000000e+25 & 
1943051918 78.129997 13.520000 1.000000e+25 & 1.000000e+25 & 
1943052000 77.629997 13.750000 1.000000e+25 & 1.000000e+25 & 
1943052006 77.110001 13.890000 1.000000e+25 & 1.000000e+25 & 
1943052012 76.540001 13.980000 1.000000e+25 & 1.000000e+25 & 
1943052018 76.120003 14.080000 1.000000e+25 & 1.000000e+25 & 
1943052100 75.709999 14.180000 1.000000e+25 & 1.000000e+25 & 
1943052106 73.160004 14.220000 1.000000e+25 & 1.000000e+25 & 
1943052112 69.980003 14.280000 1.000000e+25 & 1.000000e+25 & 
1943052118 68.750000 14.390000 1.000000e+25 & 1.000000e+25 & 
1943052200 68.470001 14.640000 1.000000e+25 & 1.000000e+25 & 
1943052206 68.410004 14.850000 1.000000e+25 & 1.000000e+25 & 
1943052212 68.320000 15.050000 1.000000e+25 & 1.000000e+25 & 
1943052218 68.230003 15.290000 1.000000e+25 & 1.000000e+25 & 
1943052300 68.059998 15.510000 1.000000e+25 & 1.000000e+25 & 
TRACK_ID  13 START_TIME 1943071100
POINT_NUM  9
1943071100 86.800003 21.200001 1.000000e+25 & 1.000000e+25 & 
1943071106 85.779999 21.580000 1.000000e+25 & 1.000000e+25 & 
1943071112 84.570000 21.980000 1.000000e+25 & 1.000000e+25 & 
1943071118 83.040001 22.480000 1.000000e+25 & 1.000000e+25 & 
1943071200 81.500000 23.000000 1.000000e+25 & 1.000000e+25 & 
1943071206 80.820000 23.270000 1.000000e+25 & 1.000000e+25 & 
1943071212 80.519997 23.450001 1.000000e+25 & 1.000000e+25 & 
1943071218 80.389999 23.700001 1.000000e+25 & 1.000000e+25 & 
1943071300 80.339996 23.990000 1.000000e+25 & 1.000000e+25 & 
TRACK_ID  12 START_TIME 1943070512
POINT_NUM  26
1943070512 153.279999 22.340000 1.000000e+25 & 1.000000e+25 & 
1943070518 151.990005 22.440001 1.000000e+25 & 1.000000e+25 & 
1943070600 151.149994 22.580000 1.000000e+25 & 1.000000e+25 & 
1943070606 150.740005 22.780001 1.000000e+25 & 1.000000e+25 & 
1943070612 150.429993 23.040001 1.000000e+25 & 1.000000e+25 & 
1943070618 150.149994 23.340000 1.000000e+25 & 1.000000e+25 & 
1943070700 149.830002 23.639999 1.000000e+25 & 1.000000e+25 & 
1943070706 149.470001 23.940001 1.000000e+25 & 1.000000e+25 & 
1943070712 149.130005 24.240000 1.000000e+25 & 1.000000e+25 & 
1943070718 148.830002 24.610001 1.000000e+25 & 1.000000e+25 & 
1943070800 148.550003 25.309999 1.000000e+25 & 1.000000e+25 & 
1943070806 148.339996 26.340000 1.000000e+25 & 1.000000e+25 & 
1943070812 148.360001 27.420000 1.000000e+25 & 1.000000e+25 & 
1943070818 148.589996 28.510000 1.000000e+25 & 1.000000e+25 & 
1943070900 148.720001 29.740000 1.000000e+25 & 1.000000e+25 & 
1943070906 148.699997 31.100000 1.000000e+25 & 1.000000e+25 & 
1943070912 148.759995 32.500000 1.000000e+25 & 1.000000e+25 & 
1943070918 148.929993 33.869999 1.000000e+25 & 1.000000e+25 & 
1943071000 149.020004 35.060001 1.000000e+25 & 1.000000e+25 & 
1943071006 149.009995 36.090000 1.000000e+25 & 1.000000e+25 & 
1943071012 148.929993 37.130001 1.000000e+25 & 1.000000e+25 & 
1943071018 148.869995 38.220001 1.000000e+25 & 1.000000e+25 & 
1943071100 149.279999 39.459999 1.000000e+25 & 1.000000e+25 & 
1943071106 150.250000 40.799999 1.000000e+25 & 1.000000e+25 & 
1943071112 151.639999 41.900002 1.000000e+25 & 1.000000e+25 & 
1943071118 153.309998 42.669998 1.000000e+25 & 1.000000e+25 & 
TRACK_ID  16 START_TIME 1943071700
POINT_NUM  13
1943071700 89.400002 21.200001 1.000000e+25 & 1.000000e+25 & 
1943071706 89.309998 21.280001 1.000000e+25 & 1.000000e+25 & 
1943071712 89.209999 21.370001 1.000000e+25 & 1.000000e+25 & 
1943071718 89.099998 21.540001 1.000000e+25 & 1.000000e+25 & 
1943071800 89.000000 21.809999 1.000000e+25 & 1.000000e+25 & 
1943071806 88.279999 22.389999 1.000000e+25 & 1.000000e+25 & 
1943071812 87.279999 22.959999 1.000000e+25 & 1.000000e+25 & 
1943071818 86.190002 23.410000 1.000000e+25 & 1.000000e+25 & 
1943071900 85.080002 23.650000 1.000000e+25 & 1.000000e+25 & 
1943071906 83.949997 23.780001 1.000000e+25 & 1.000000e+25 & 
1943071912 82.769997 23.799999 1.000000e+25 & 1.000000e+25 & 
1943071918 81.839996 23.790001 1.000000e+25 & 1.000000e+25 & 
1943072000 81.059998 23.719999 1.000000e+25 & 1.000000e+25 & 
TRACK_ID  17 START_TIME 1943071712
POINT_NUM  7
1943071712 142.600006 26.000000 1.000000e+25 & 1.000000e+25 & 
1943071718 142.449997 25.870001 1.000000e+25 & 1.000000e+25 & 
1943071800 141.899994 26.200001 1.000000e+25 & 1.000000e+25 & 
1943071806 140.669998 27.230000 1.000000e+25 & 1.000000e+25 & 
1943071812 139.000000 28.400000 1.000000e+25 & 1.000000e+25 & 
1943071818 137.250000 29.150000 1.000000e+25 & 1.000000e+25 & 
1943071900 135.500000 29.600000 1.000000e+25 & 1.000000e+25 & 
TRACK_ID  19 START_TIME 1943072400
POINT_NUM  25
1943072400 89.699997 19.500000 1.000000e+25 & 1.000000e+25 & 
1943072406 89.300003 19.510000 1.000000e+25 & 1.000000e+25 & 
1943072412 88.900002 19.590000 1.000000e+25 & 1.000000e+25 & 
1943072418 88.510002 19.670000 1.000000e+25 & 1.000000e+25 & 
1943072500 88.120003 19.760000 1.000000e+25 & 1.000000e+25 & 
1943072506 87.500000 19.950001 1.000000e+25 & 1.000000e+25 & 
1943072512 86.800003 20.219999 1.000000e+25 & 1.000000e+25 & 
1943072518 85.949997 20.590000 1.000000e+25 & 1.000000e+25 & 
1943072600 85.129997 21.000000 1.000000e+25 & 1.000000e+25 & 
1943072606 84.150002 21.389999 1.000000e+25 & 1.000000e+25 & 
1943072612 83.139999 21.709999 1.000000e+25 & 1.000000e+25 & 
1943072618 82.279999 22.090000 1.000000e+25 & 1.000000e+25 & 
1943072700 81.480003 22.570000 1.000000e+25 & 1.000000e+25 & 
1943072706 80.779999 23.200001 1.000000e+25 & 1.000000e+25 & 
1943072712 80.089996 23.910000 1.000000e+25 & 1.000000e+25 & 
1943072718 79.199997 24.770000 1.000000e+25 & 1.000000e+25 & 
1943072800 78.199997 25.549999 1.000000e+25 & 1.000000e+25 & 
1943072806 77.790001 25.820000 1.000000e+25 & 1.000000e+25 & 
1943072812 77.540001 25.900000 1.000000e+25 & 1.000000e+25 & 
1943072818 77.239998 25.969999 1.000000e+25 & 1.000000e+25 & 
1943072900 76.919998 26.059999 1.000000e+25 & 1.000000e+25 & 
1943072906 76.239998 26.260000 1.000000e+25 & 1.000000e+25 & 
1943072912 75.500000 26.540001 1.000000e+25 & 1.000000e+25 & 
1943072918 74.839996 26.740000 1.000000e+25 & 1.000000e+25 & 
1943073000 74.199997 26.860001 1.000000e+25 & 1.000000e+25 & 
TRACK_ID  15 START_TIME 1943071712
POINT_NUM  34
1943071712 140.050003 18.370001 1.000000e+25 & 1.000000e+25 & 
1943071718 139.509995 18.990000 1.000000e+25 & 1.000000e+25 & 
1943071800 138.860001 19.320000 1.000000e+25 & 1.000000e+25 & 
1943071806 138.100006 19.420000 1.000000e+25 & 1.000000e+25 & 
1943071812 137.259995 19.709999 1.000000e+25 & 1.000000e+25 & 
1943071818 136.419998 20.190001 1.000000e+25 & 1.000000e+25 & 
1943071900 135.910004 20.520000 1.000000e+25 & 1.000000e+25 & 
1943071906 135.740005 20.650000 1.000000e+25 & 1.000000e+25 & 
1943071912 135.630005 20.750000 1.000000e+25 & 1.000000e+25 & 
1943071918 135.529999 20.870001 1.000000e+25 & 1.000000e+25 & 
1943072000 135.460007 21.219999 1.000000e+25 & 1.000000e+25 & 
1943072006 135.399994 21.760000 1.000000e+25 & 1.000000e+25 & 
1943072012 135.440002 22.110001 1.000000e+25 & 1.000000e+25 & 
1943072018 135.550003 22.299999 1.000000e+25 & 1.000000e+25 & 
1943072100 135.619995 22.870001 1.000000e+25 & 1.000000e+25 & 
1943072106 135.619995 23.830000 1.000000e+25 & 1.000000e+25 & 
1943072112 135.570007 24.670000 1.000000e+25 & 1.000000e+25 & 
1943072118 135.470001 25.350000 1.000000e+25 & 1.000000e+25 & 
1943072200 135.350006 26.110001 1.000000e+25 & 1.000000e+25 & 
1943072206 135.169998 26.930000 1.000000e+25 & 1.000000e+25 & 
1943072212 134.699997 27.590000 1.000000e+25 & 1.000000e+25 & 
1943072218 134.000000 28.070000 1.000000e+25 & 1.000000e+25 & 
1943072300 133.529999 28.570000 1.000000e+25 & 1.000000e+25 & 
1943072306 133.350006 29.120001 1.000000e+25 & 1.000000e+25 & 
1943072312 133.250000 29.590000 1.000000e+25 & 1.000000e+25 & 
1943072318 133.160004 30.080000 1.000000e+25 & 1.000000e+25 & 
1943072400 132.940002 31.080000 1.000000e+25 & 1.000000e+25 & 
1943072406 132.639999 32.650002 1.000000e+25 & 1.000000e+25 & 
1943072412 132.750000 34.689999 1.000000e+25 & 1.000000e+25 & 
1943072418 133.270004 37.000000 1.000000e+25 & 1.000000e+25 & 
1943072500 133.610001 38.750000 1.000000e+25 & 1.000000e+25 & 
1943072506 133.660004 39.849998 1.000000e+25 & 1.000000e+25 & 
1943072512 133.490005 40.750000 1.000000e+25 & 1.000000e+25 & 
1943072518 133.179993 41.650002 1.000000e+25 & 1.000000e+25 & 
TRACK_ID  24 START_TIME 1943080400
POINT_NUM  17
1943080400 89.199997 21.600000 1.000000e+25 & 1.000000e+25 & 
1943080406 88.949997 21.600000 1.000000e+25 & 1.000000e+25 & 
1943080412 88.589996 21.590000 1.000000e+25 & 1.000000e+25 & 
1943080418 88.220001 21.709999 1.000000e+25 & 1.000000e+25 & 
1943080500 87.820000 21.900000 1.000000e+25 & 1.000000e+25 & 
1943080506 87.199997 22.510000 1.000000e+25 & 1.000000e+25 & 
1943080512 86.489998 23.299999 1.000000e+25 & 1.000000e+25 & 
1943080518 85.699997 23.959999 1.000000e+25 & 1.000000e+25 & 
1943080600 84.889999 24.490000 1.000000e+25 & 1.000000e+25 & 
1943080606 84.290001 24.850000 1.000000e+25 & 1.000000e+25 & 
1943080612 83.720001 25.139999 1.000000e+25 & 1.000000e+25 & 
1943080618 83.230003 25.360001 1.000000e+25 & 1.000000e+25 & 
1943080700 82.809998 25.549999 1.000000e+25 & 1.000000e+25 & 
1943080706 82.379997 25.750000 1.000000e+25 & 1.000000e+25 & 
1943080712 81.900002 25.950001 1.000000e+25 & 1.000000e+25 & 
1943080718 81.580002 26.139999 1.000000e+25 & 1.000000e+25 & 
1943080800 81.370003 26.330000 1.000000e+25 & 1.000000e+25 & 
TRACK_ID  23 START_TIME 1943080212
POINT_NUM  3
1943080212 141.899994 22.299999 1.000000e+25 & 1.000000e+25 & 
1943080218 139.289993 24.170000 1.000000e+25 & 1.000000e+25 & 
1943080300 136.600006 26.000000 1.000000e+25 & 1.000000e+25 & 
TRACK_ID  21 START_TIME 1943072518
POINT_NUM  18
1943072518 272.299988 28.000000 1.000000e+25 & 1.801000e+01 & 
1943072600 271.100006 28.100000 1.000000e+25 & 2.315000e+01 & 
1943072606 269.899994 28.100000 1.000000e+25 & 2.572000e+01 & 
1943072612 268.899994 28.200001 1.000000e+25 & 3.087000e+01 & 
1943072618 268.000000 28.400000 1.000000e+25 & 3.601000e+01 & 
1943072700 267.299988 28.600000 1.000000e+25 & 4.116000e+01 & 
1943072706 266.600006 28.900000 1.000000e+25 & 4.630000e+01 & 
1943072712 266.000000 29.200001 1.000000e+25 & 4.630000e+01 & 
1943072718 265.399994 29.500000 9.670000e+02 & 4.630000e+01 & 
1943072800 264.899994 29.700001 9.750000e+02 & 3.858000e+01 & 
1943072806 264.399994 29.900000 1.000000e+25 & 2.572000e+01 & 
1943072812 264.000000 30.200001 1.000000e+25 & 2.058000e+01 & 
1943072818 263.600006 30.500000 1.000000e+25 & 2.058000e+01 & 
1943072900 263.200012 30.900000 1.000000e+25 & 1.801000e+01 & 
1943072906 262.899994 31.400000 1.000000e+25 & 1.543000e+01 & 
1943072912 262.600006 32.000000 1.000000e+25 & 1.543000e+01 & 
1943072918 262.299988 32.500000 1.000000e+25 & 1.286000e+01 & 
1943073000 262.000000 33.000000 1.000000e+25 & 1.286000e+01 & 
TRACK_ID  27 START_TIME 1943081312
POINT_NUM  26
1943081312 299.500000 17.100000 1.000000e+25 & 1.801000e+01 & 
1943081318 298.500000 17.500000 1.000000e+25 & 1.801000e+01 & 
1943081400 297.500000 18.000000 1.000000e+25 & 2.058000e+01 & 
1943081406 295.500000 18.500000 1.000000e+25 & 2.058000e+01 & 
1943081412 294.399994 19.200001 1.000000e+25 & 2.058000e+01 & 
1943081418 293.100006 20.000000 1.000000e+25 & 2.315000e+01 & 
1943081500 291.700012 20.900000 1.000000e+25 & 2.315000e+01 & 
1943081506 290.299988 21.900000 1.000000e+25 & 2.315000e+01 & 
1943081512 289.000000 23.000000 1.000000e+25 & 2.315000e+01 & 
1943081518 288.299988 24.000000 1.000000e+25 & 2.315000e+01 & 
1943081600 288.000000 24.799999 1.000000e+25 & 2.572000e+01 & 
1943081606 287.899994 25.500000 1.000000e+25 & 2.572000e+01 & 
1943081612 287.799988 26.200001 1.000000e+25 & 2.572000e+01 & 
1943081618 287.700012 27.000000 1.000000e+25 & 2.572000e+01 & 
1943081700 287.200012 27.900000 1.000000e+25 & 2.572000e+01 & 
1943081706 286.399994 28.799999 1.000000e+25 & 2.572000e+01 & 
1943081712 285.600006 29.600000 1.000000e+25 & 2.572000e+01 & 
1943081718 285.000000 30.299999 1.000000e+25 & 2.572000e+01 & 
1943081800 284.600006 31.000000 1.000000e+25 & 2.572000e+01 & 
1943081806 284.600006 31.799999 1.000000e+25 & 2.315000e+01 & 
1943081812 285.200012 32.700001 1.000000e+25 & 2.315000e+01 & 
1943081818 286.299988 33.799999 1.000000e+25 & 2.058000e+01 & 
1943081900 287.500000 34.799999 1.000000e+25 & 2.058000e+01 & 
1943081906 288.700012 35.799999 1.000000e+25 & 2.058000e+01 & 
1943081912 290.000000 36.700001 1.000000e+25 & 1.801000e+01 & 
1943081918 292.100006 38.299999 1.000000e+25 & 1.543000e+01 & 
TRACK_ID  31 START_TIME 1943082100
POINT_NUM  9
1943082100 85.300003 23.000000 1.000000e+25 & 1.000000e+25 & 
1943082106 84.669998 23.240000 1.000000e+25 & 1.000000e+25 & 
1943082112 83.910004 23.530001 1.000000e+25 & 1.000000e+25 & 
1943082118 83.080002 23.760000 1.000000e+25 & 1.000000e+25 & 
1943082200 82.269997 23.959999 1.000000e+25 & 1.000000e+25 & 
1943082206 81.779999 24.139999 1.000000e+25 & 1.000000e+25 & 
1943082212 81.400002 24.270000 1.000000e+25 & 1.000000e+25 & 
1943082218 80.900002 24.370001 1.000000e+25 & 1.000000e+25 & 
1943082300 80.330002 24.389999 1.000000e+25 & 1.000000e+25 & 
TRACK_ID  28 START_TIME 1943081500
POINT_NUM  72
1943081500 124.550003 24.320000 1.000000e+25 & 1.000000e+25 & 
1943081506 124.690002 24.170000 1.000000e+25 & 1.000000e+25 & 
1943081512 124.940002 24.030001 1.000000e+25 & 1.000000e+25 & 
1943081518 125.260002 23.920000 1.000000e+25 & 1.000000e+25 & 
1943081600 125.489998 23.900000 1.000000e+25 & 1.000000e+25 & 
1943081606 125.629997 23.959999 1.000000e+25 & 1.000000e+25 & 
1943081612 125.760002 24.020000 1.000000e+25 & 1.000000e+25 & 
1943081618 125.930000 24.100000 1.000000e+25 & 1.000000e+25 & 
1943081700 126.360001 24.360001 1.000000e+25 & 1.000000e+25 & 
1943081706 127.029999 24.780001 1.000000e+25 & 1.000000e+25 & 
1943081712 127.739998 25.180000 1.000000e+25 & 1.000000e+25 & 
1943081718 128.440002 25.570000 1.000000e+25 & 1.000000e+25 & 
1943081800 129.199997 26.059999 1.000000e+25 & 1.000000e+25 & 
1943081806 129.990005 26.660000 1.000000e+25 & 1.000000e+25 & 
1943081812 130.539993 27.350000 1.000000e+25 & 1.000000e+25 & 
1943081818 130.839996 28.110001 1.000000e+25 & 1.000000e+25 & 
1943081900 130.970001 28.879999 1.000000e+25 & 1.000000e+25 & 
1943081906 130.940002 29.629999 1.000000e+25 & 1.000000e+25 & 
1943081912 130.529999 30.389999 1.000000e+25 & 1.000000e+25 & 
1943081918 129.820007 31.110001 1.000000e+25 & 1.000000e+25 & 
1943082000 129.330002 31.610001 1.000000e+25 & 1.000000e+25 & 
1943082006 129.119995 31.889999 1.000000e+25 & 1.000000e+25 & 
1943082012 128.800003 32.160000 1.000000e+25 & 1.000000e+25 & 
1943082018 128.330002 32.419998 1.000000e+25 & 1.000000e+25 & 
1943082100 127.910004 32.529999 1.000000e+25 & 1.000000e+25 & 
1943082106 127.559998 32.470001 1.000000e+25 & 1.000000e+25 & 
1943082112 127.260002 32.330002 1.000000e+25 & 1.000000e+25 & 
1943082118 126.980003 32.130001 1.000000e+25 & 1.000000e+25 & 
1943082200 126.550003 31.870001 1.000000e+25 & 1.000000e+25 & 
1943082206 125.980003 31.570000 1.000000e+25 & 1.000000e+25 & 
1943082212 125.440002 31.209999 1.000000e+25 & 1.000000e+25 & 
1943082218 124.970001 30.790001 1.000000e+25 & 1.000000e+25 & 
1943082300 124.669998 30.430000 1.000000e+25 & 1.000000e+25 & 
1943082306 124.529999 30.129999 1.000000e+25 & 1.000000e+25 & 
1943082312 124.449997 29.850000 1.000000e+25 & 1.000000e+25 & 
1943082318 124.440002 29.580000 1.000000e+25 & 1.000000e+25 & 
1943082400 124.610001 29.450001 1.000000e+25 & 1.000000e+25 & 
1943082406 124.930000 29.450001 1.000000e+25 & 1.000000e+25 & 
1943082412 125.239998 29.570000 1.000000e+25 & 1.000000e+25 & 
1943082418 125.489998 29.780001 1.000000e+25 & 1.000000e+25 & 
1943082500 125.720001 30.010000 1.000000e+25 & 1.000000e+25 & 
1943082506 125.930000 30.260000 1.000000e+25 & 1.000000e+25 & 
1943082512 126.059998 30.530001 1.000000e+25 & 1.000000e+25 & 
1943082518 126.099998 30.830000 1.000000e+25 & 1.000000e+25 & 
1943082600 126.080002 31.190001 1.000000e+25 & 1.000000e+25 & 
1943082606 126.019997 31.610001 1.000000e+25 & 1.000000e+25 & 
1943082612 126.010002 31.959999 1.000000e+25 & 1.000000e+25 & 
1943082618 126.070000 32.259998 1.000000e+25 & 1.000000e+25 & 
1943082700 126.110001 32.549999 1.000000e+25 & 1.000000e+25 & 
1943082706 126.150002 32.840000 1.000000e+25 & 1.000000e+25 & 
1943082712 126.250000 33.130001 1.000000e+25 & 1.000000e+25 & 
1943082718 126.470001 33.459999 1.000000e+25 & 1.000000e+25 & 
1943082800 127.070000 34.009998 1.000000e+25 & 1.000000e+25 & 
1943082806 128.029999 34.779999 1.000000e+25 & 1.000000e+25 & 
1943082812 128.899994 35.520000 1.000000e+25 & 1.000000e+25 & 
1943082818 129.600006 36.299999 1.000000e+25 & 1.000000e+25 & 
1943082900 130.100006 37.799999 1.000000e+25 & 1.000000e+25 & 
1943082906 130.520004 39.930000 1.000000e+25 & 1.000000e+25 & 
1943082912 131.559998 41.639999 1.000000e+25 & 1.000000e+25 & 
1943082918 133.210007 42.759998 1.000000e+25 & 1.000000e+25 & 
1943083000 134.589996 43.619999 1.000000e+25 & 1.000000e+25 & 
1943083006 135.550003 44.310001 1.000000e+25 & 1.000000e+25 & 
1943083012 136.320007 44.860001 1.000000e+25 & 1.000000e+25 & 
1943083018 137.169998 45.369999 1.000000e+25 & 1.000000e+25 & 
1943083100 139.380005 46.110001 1.000000e+25 & 1.000000e+25 & 
1943083106 142.949997 47.029999 1.000000e+25 & 1.000000e+25 & 
1943083112 146.380005 48.009998 1.000000e+25 & 1.000000e+25 & 
1943083118 149.410004 49.000000 1.000000e+25 & 1.000000e+25 & 
1943090100 152.490005 49.630001 1.000000e+25 & 1.000000e+25 & 
1943090106 155.490005 49.919998 1.000000e+25 & 1.000000e+25 & 
1943090112 157.949997 50.380001 1.000000e+25 & 1.000000e+25 & 
1943090118 159.899994 51.160000 1.000000e+25 & 1.000000e+25 & 
TRACK_ID  25 START_TIME 1943080500
POINT_NUM  44
1943080500 143.820007 21.840000 1.000000e+25 & 1.000000e+25 & 
1943080506 143.309998 21.490000 1.000000e+25 & 1.000000e+25 & 
1943080512 142.919998 21.090000 1.000000e+25 & 1.000000e+25 & 
1943080518 142.600006 20.670000 1.000000e+25 & 1.000000e+25 & 
1943080600 142.139999 20.360001 1.000000e+25 & 1.000000e+25 & 
1943080606 141.529999 20.170000 1.000000e+25 & 1.000000e+25 & 
1943080612 140.889999 20.030001 1.000000e+25 & 1.000000e+25 & 
1943080618 140.199997 19.930000 1.000000e+25 & 1.000000e+25 & 
1943080700 139.330002 19.870001 1.000000e+25 & 1.000000e+25 & 
1943080706 138.300003 19.870001 1.000000e+25 & 1.000000e+25 & 
1943080712 137.389999 19.910000 1.000000e+25 & 1.000000e+25 & 
1943080718 136.580002 20.040001 1.000000e+25 & 1.000000e+25 & 
1943080800 135.479996 20.440001 1.000000e+25 & 1.000000e+25 & 
1943080806 134.130005 21.110001 1.000000e+25 & 1.000000e+25 & 
1943080812 133.000000 21.879999 1.000000e+25 & 1.000000e+25 & 
1943080818 132.130005 22.690001 1.000000e+25 & 1.000000e+25 & 
1943080900 131.240005 23.490000 1.000000e+25 & 1.000000e+25 & 
1943080906 130.259995 24.240000 1.000000e+25 & 1.000000e+25 & 
1943080912 129.070007 24.950001 1.000000e+25 & 1.000000e+25 & 
1943080918 127.699997 25.600000 1.000000e+25 & 1.000000e+25 & 
1943081000 126.360001 26.150000 1.000000e+25 & 1.000000e+25 & 
1943081006 125.070000 26.660000 1.000000e+25 & 1.000000e+25 & 
1943081012 123.599998 27.500000 1.000000e+25 & 1.000000e+25 & 
1943081018 122.029999 28.620001 1.000000e+25 & 1.000000e+25 & 
1943081100 121.000000 29.410000 1.000000e+25 & 1.000000e+25 & 
1943081106 120.559998 29.870001 1.000000e+25 & 1.000000e+25 & 
1943081112 120.139999 30.420000 1.000000e+25 & 1.000000e+25 & 
1943081118 119.629997 31.090000 1.000000e+25 & 1.000000e+25 & 
1943081200 119.190002 31.660000 1.000000e+25 & 1.000000e+25 & 
1943081206 118.839996 32.099998 1.000000e+25 & 1.000000e+25 & 
1943081212 118.589996 32.520000 1.000000e+25 & 1.000000e+25 & 
1943081218 118.419998 32.919998 1.000000e+25 & 1.000000e+25 & 
1943081300 118.139999 33.290001 1.000000e+25 & 1.000000e+25 & 
1943081306 117.730003 33.610001 1.000000e+25 & 1.000000e+25 & 
1943081312 117.269997 33.740002 1.000000e+25 & 1.000000e+25 & 
1943081318 116.769997 33.669998 1.000000e+25 & 1.000000e+25 & 
1943081400 116.220001 33.529999 1.000000e+25 & 1.000000e+25 & 
1943081406 115.669998 33.330002 1.000000e+25 & 1.000000e+25 & 
1943081412 115.190002 33.049999 1.000000e+25 & 1.000000e+25 & 
1943081418 114.779999 32.700001 1.000000e+25 & 1.000000e+25 & 
1943081500 114.080002 32.340000 1.000000e+25 & 1.000000e+25 & 
1943081506 113.160004 31.910000 1.000000e+25 & 1.000000e+25 & 
1943081512 112.589996 31.190001 1.000000e+25 & 1.000000e+25 & 
1943081518 112.480003 30.160000 1.000000e+25 & 1.000000e+25 & 
TRACK_ID  30 START_TIME 1943081906
POINT_NUM  34
1943081906 304.500000 13.500000 1.000000e+25 & 2.572000e+01 & 
1943081912 303.799988 14.100000 1.000000e+25 & 2.829000e+01 & 
1943081918 303.100006 14.600000 1.000000e+25 & 3.087000e+01 & 
1943082000 302.500000 15.100000 1.000000e+25 & 3.344000e+01 & 
1943082006 301.899994 15.600000 1.000000e+25 & 3.601000e+01 & 
1943082012 301.299988 16.200001 1.000000e+25 & 3.601000e+01 & 
1943082018 300.700012 16.900000 1.000000e+25 & 3.858000e+01 & 
1943082100 300.000000 17.600000 1.000000e+25 & 4.116000e+01 & 
1943082106 299.200012 18.299999 1.000000e+25 & 4.373000e+01 & 
1943082112 298.500000 19.000000 1.000000e+25 & 4.373000e+01 & 
1943082118 297.799988 19.799999 1.000000e+25 & 4.630000e+01 & 
1943082200 297.200012 20.700001 1.000000e+25 & 4.630000e+01 & 
1943082206 296.600006 21.600000 1.000000e+25 & 4.887000e+01 & 
1943082212 296.000000 22.500000 1.000000e+25 & 4.887000e+01 & 
1943082218 295.500000 23.500000 1.000000e+25 & 5.144000e+01 & 
1943082300 295.000000 24.500000 1.000000e+25 & 5.402000e+01 & 
1943082306 294.500000 25.500000 1.000000e+25 & 5.402000e+01 & 
1943082312 294.000000 26.500000 1.000000e+25 & 5.659000e+01 & 
1943082318 293.600006 27.400000 1.000000e+25 & 5.916000e+01 & 
1943082400 293.299988 28.200001 1.000000e+25 & 5.916000e+01 & 
1943082406 293.000000 29.000000 1.000000e+25 & 6.173000e+01 & 
1943082412 292.700012 30.000000 1.000000e+25 & 6.173000e+01 & 
1943082418 292.500000 31.299999 1.000000e+25 & 6.173000e+01 & 
1943082500 292.399994 32.799999 1.000000e+25 & 6.173000e+01 & 
1943082506 292.399994 34.299999 1.000000e+25 & 5.659000e+01 & 
1943082512 292.799988 36.000000 1.000000e+25 & 5.144000e+01 & 
1943082518 294.299988 37.799999 1.000000e+25 & 4.630000e+01 & 
1943082600 297.399994 39.700001 1.000000e+25 & 3.858000e+01 & 
1943082606 302.299988 41.799999 1.000000e+25 & 3.344000e+01 & 
1943082612 307.000000 43.900002 1.000000e+25 & 3.087000e+01 & 
1943082618 309.700012 45.599998 1.000000e+25 & 2.829000e+01 & 
1943082700 312.500000 47.400002 1.000000e+25 & 2.572000e+01 & 
1943082706 315.200012 49.700001 1.000000e+25 & 2.315000e+01 & 
1943082712 318.000000 52.000000 1.000000e+25 & 2.315000e+01 & 
TRACK_ID  29 START_TIME 1943081712
POINT_NUM  30
1943081712 144.089996 24.190001 1.000000e+25 & 1.000000e+25 & 
1943081718 143.690002 25.340000 1.000000e+25 & 1.000000e+25 & 
1943081800 143.910004 25.860001 1.000000e+25 & 1.000000e+25 & 
1943081806 144.729996 25.790001 1.000000e+25 & 1.000000e+25 & 
1943081812 145.610001 25.680000 1.000000e+25 & 1.000000e+25 & 
1943081818 146.429993 25.670000 1.000000e+25 & 1.000000e+25 & 
1943081900 147.130005 25.770000 1.000000e+25 & 1.000000e+25 & 
1943081906 147.669998 25.980000 1.000000e+25 & 1.000000e+25 & 
1943081912 148.149994 26.139999 1.000000e+25 & 1.000000e+25 & 
1943081918 148.529999 26.330000 1.000000e+25 & 1.000000e+25 & 
1943082000 148.589996 27.070000 1.000000e+25 & 1.000000e+25 & 
1943082006 148.320007 28.370001 1.000000e+25 & 1.000000e+25 & 
1943082012 147.850006 29.840000 1.000000e+25 & 1.000000e+25 & 
1943082018 147.229996 31.299999 1.000000e+25 & 1.000000e+25 & 
1943082100 146.639999 32.299999 1.000000e+25 & 1.000000e+25 & 
1943082106 146.070007 32.840000 1.000000e+25 & 1.000000e+25 & 
1943082112 145.149994 33.419998 1.000000e+25 & 1.000000e+25 & 
1943082118 143.910004 34.150002 1.000000e+25 & 1.000000e+25 & 
1943082200 143.059998 35.130001 1.000000e+25 & 1.000000e+25 & 
1943082206 142.690002 36.349998 1.000000e+25 & 1.000000e+25 & 
1943082212 142.509995 37.680000 1.000000e+25 & 1.000000e+25 & 
1943082218 142.479996 39.009998 1.000000e+25 & 1.000000e+25 & 
1943082300 142.500000 40.060001 1.000000e+25 & 1.000000e+25 & 
1943082306 142.550003 40.830002 1.000000e+25 & 1.000000e+25 & 
1943082312 142.460007 41.599998 1.000000e+25 & 1.000000e+25 & 
1943082318 142.460007 42.480000 1.000000e+25 & 1.000000e+25 & 
1943082400 143.910004 43.599998 1.000000e+25 & 1.000000e+25 & 
1943082406 146.880005 44.880001 1.000000e+25 & 1.000000e+25 & 
1943082412 150.020004 46.090000 1.000000e+25 & 1.000000e+25 & 
1943082418 152.770004 47.180000 1.000000e+25 & 1.000000e+25 & 
TRACK_ID  33 START_TIME 1943090106
POINT_NUM  36
1943090106 300.500000 24.500000 1.000000e+25 & 3.087000e+01 & 
1943090112 300.100006 25.299999 1.000000e+25 & 3.601000e+01 & 
1943090118 299.100006 26.400000 1.000000e+25 & 3.858000e+01 & 
1943090200 298.399994 27.600000 1.000000e+25 & 4.116000e+01 & 
1943090206 298.000000 28.799999 1.000000e+25 & 4.116000e+01 & 
1943090212 297.799988 30.000000 1.000000e+25 & 4.373000e+01 & 
1943090218 297.600006 30.600000 1.000000e+25 & 4.373000e+01 & 
1943090300 297.600006 31.000000 1.000000e+25 & 4.630000e+01 & 
1943090306 297.200012 31.400000 1.000000e+25 & 4.887000e+01 & 
1943090312 297.200012 31.799999 1.000000e+25 & 4.887000e+01 & 
1943090318 297.500000 32.200001 1.000000e+25 & 5.144000e+01 & 
1943090400 298.100006 32.400002 1.000000e+25 & 5.144000e+01 & 
1943090406 298.799988 32.500000 1.000000e+25 & 5.402000e+01 & 
1943090412 299.200012 32.700001 1.000000e+25 & 5.402000e+01 & 
1943090418 299.399994 32.900002 1.000000e+25 & 5.402000e+01 & 
1943090500 299.100006 33.200001 1.000000e+25 & 5.144000e+01 & 
1943090506 298.700012 33.500000 1.000000e+25 & 4.887000e+01 & 
1943090512 298.399994 33.700001 1.000000e+25 & 4.887000e+01 & 
1943090518 298.100006 33.900002 1.000000e+25 & 4.887000e+01 & 
1943090600 297.799988 34.200001 1.000000e+25 & 4.887000e+01 & 
1943090606 297.600006 34.400002 1.000000e+25 & 4.887000e+01 & 
1943090612 297.399994 34.700001 1.000000e+25 & 4.887000e+01 & 
1943090618 297.200012 34.900002 1.000000e+25 & 4.887000e+01 & 
1943090700 297.000000 35.099998 1.000000e+25 & 4.887000e+01 & 
1943090706 296.899994 35.400002 1.000000e+25 & 4.887000e+01 & 
1943090712 296.799988 35.700001 1.000000e+25 & 4.887000e+01 & 
1943090718 296.700012 36.099998 1.000000e+25 & 4.630000e+01 & 
1943090800 296.700012 36.500000 1.000000e+25 & 4.630000e+01 & 
1943090806 296.799988 36.900002 1.000000e+25 & 4.630000e+01 & 
1943090812 296.899994 37.500000 1.000000e+25 & 4.373000e+01 & 
1943090818 297.000000 38.599998 1.000000e+25 & 4.116000e+01 & 
1943090900 297.500000 40.099998 1.000000e+25 & 3.858000e+01 & 
1943090906 298.299988 42.200001 1.000000e+25 & 3.601000e+01 & 
1943090912 299.200012 44.500000 1.000000e+25 & 3.087000e+01 & 
1943090918 302.500000 46.799999 1.000000e+25 & 2.829000e+01 & 
1943091000 306.000000 49.500000 1.000000e+25 & 2.315000e+01 & 
TRACK_ID  37 START_TIME 1943091300
POINT_NUM  18
1943091300 282.200012 26.000000 1.000000e+25 & 1.543000e+01 & 
1943091306 282.200012 26.799999 1.000000e+25 & 1.801000e+01 & 
1943091312 282.500000 28.000000 1.000000e+25 & 2.058000e+01 & 
1943091318 283.500000 29.500000 1.000000e+25 & 2.315000e+01 & 
1943091400 284.500000 31.000000 1.000000e+25 & 2.315000e+01 & 
1943091406 285.500000 32.500000 1.000000e+25 & 2.315000e+01 & 
1943091412 286.500000 34.099998 1.000000e+25 & 2.315000e+01 & 
1943091418 287.500000 35.500000 1.000000e+25 & 2.315000e+01 & 
1943091500 288.500000 36.799999 1.000000e+25 & 2.315000e+01 & 
1943091506 289.500000 38.299999 1.000000e+25 & 2.315000e+01 & 
1943091512 290.799988 40.000000 1.000000e+25 & 2.058000e+01 & 
1943091518 293.000000 41.799999 1.000000e+25 & 2.058000e+01 & 
1943091600 295.200012 43.500000 1.000000e+25 & 2.058000e+01 & 
1943091606 297.500000 45.200001 1.000000e+25 & 2.058000e+01 & 
1943091612 299.899994 47.099998 1.000000e+25 & 2.058000e+01 & 
1943091618 302.700012 49.000000 1.000000e+25 & 1.801000e+01 & 
1943091700 306.200012 51.200001 1.000000e+25 & 1.801000e+01 & 
1943091706 311.000000 54.000000 1.000000e+25 & 1.801000e+01 & 
TRACK_ID  35 START_TIME 1943090912
POINT_NUM  11
1943090912 136.399994 18.200001 1.000000e+25 & 1.000000e+25 & 
1943090918 136.830002 18.780001 1.000000e+25 & 1.000000e+25 & 
1943091000 137.600006 19.200001 1.000000e+25 & 1.000000e+25 & 
1943091006 138.869995 19.379999 1.000000e+25 & 1.000000e+25 & 
1943091012 140.199997 19.600000 1.000000e+25 & 1.000000e+25 & 
1943091018 141.080002 20.160000 1.000000e+25 & 1.000000e+25 & 
1943091100 141.800003 20.900000 1.000000e+25 & 1.000000e+25 & 
1943091106 142.589996 21.680000 1.000000e+25 & 1.000000e+25 & 
1943091112 143.300003 22.500000 1.000000e+25 & 1.000000e+25 & 
1943091118 143.850006 23.309999 1.000000e+25 & 1.000000e+25 & 
1943091200 144.300003 24.100000 1.000000e+25 & 1.000000e+25 & 
TRACK_ID  39 START_TIME 1943091518
POINT_NUM  20
1943091518 266.100006 23.799999 1.000000e+25 & 2.058000e+01 & 
1943091600 265.700012 25.000000 1.000000e+25 & 2.315000e+01 & 
1943091606 265.299988 26.200001 1.000000e+25 & 2.829000e+01 & 
1943091612 265.000000 27.000000 1.000000e+25 & 3.344000e+01 & 
1943091618 264.700012 27.600000 1.000000e+25 & 3.858000e+01 & 
1943091700 264.600006 27.799999 1.000000e+25 & 4.116000e+01 & 
1943091706 264.600006 27.700001 1.000000e+25 & 4.373000e+01 & 
1943091712 264.700012 27.400000 1.000000e+25 & 4.373000e+01 & 
1943091718 264.899994 26.900000 1.000000e+25 & 4.373000e+01 & 
1943091800 265.200012 26.600000 1.000000e+25 & 4.116000e+01 & 
1943091806 265.500000 26.700001 1.000000e+25 & 3.858000e+01 & 
1943091812 265.899994 27.100000 1.000000e+25 & 3.858000e+01 & 
1943091818 266.200012 27.500000 1.000000e+25 & 3.601000e+01 & 
1943091900 266.500000 27.900000 1.000000e+25 & 3.087000e+01 & 
1943091906 267.000000 28.299999 1.000000e+25 & 3.087000e+01 & 
1943091912 267.500000 28.700001 1.000000e+25 & 2.572000e+01 & 
1943091918 267.899994 29.100000 1.000000e+25 & 2.058000e+01 & 
1943092000 268.000000 29.400000 1.000000e+25 & 1.801000e+01 & 
1943092006 268.000000 29.500000 1.000000e+25 & 1.286000e+01 & 
1943092012 268.000000 29.500000 1.000000e+25 & 1.286000e+01 & 
TRACK_ID  40 START_TIME 1943092200
POINT_NUM  25
1943092200 89.199997 19.100000 1.000000e+25 & 1.000000e+25 & 
1943092206 88.949997 19.510000 1.000000e+25 & 1.000000e+25 & 
1943092212 88.660004 20.070000 1.000000e+25 & 1.000000e+25 & 
1943092218 88.400002 20.580000 1.000000e+25 & 1.000000e+25 & 
1943092300 88.190002 21.080000 1.000000e+25 & 1.000000e+25 & 
1943092306 87.680000 21.629999 1.000000e+25 & 1.000000e+25 & 
1943092312 87.000000 22.090000 1.000000e+25 & 1.000000e+25 & 
1943092318 86.040001 22.450001 1.000000e+25 & 1.000000e+25 & 
1943092400 85.000000 22.750000 1.000000e+25 & 1.000000e+25 & 
1943092406 84.660004 22.889999 1.000000e+25 & 1.000000e+25 & 
1943092412 84.510002 22.990000 1.000000e+25 & 1.000000e+25 & 
1943092418 84.290001 23.049999 1.000000e+25 & 1.000000e+25 & 
1943092500 84.000000 23.070000 1.000000e+25 & 1.000000e+25 & 
1943092506 83.519997 23.309999 1.000000e+25 & 1.000000e+25 & 
1943092512 83.000000 23.690001 1.000000e+25 & 1.000000e+25 & 
1943092518 82.739998 24.110001 1.000000e+25 & 1.000000e+25 & 
1943092600 82.839996 24.590000 1.000000e+25 & 1.000000e+25 & 
1943092606 83.230003 24.990000 1.000000e+25 & 1.000000e+25 & 
1943092612 83.809998 25.240000 1.000000e+25 & 1.000000e+25 & 
1943092618 84.639999 25.459999 1.000000e+25 & 1.000000e+25 & 
1943092700 85.540001 25.660000 1.000000e+25 & 1.000000e+25 & 
1943092706 86.620003 25.770000 1.000000e+25 & 1.000000e+25 & 
1943092712 87.809998 25.860001 1.000000e+25 & 1.000000e+25 & 
1943092718 88.889999 26.049999 1.000000e+25 & 1.000000e+25 & 
1943092800 89.860001 26.379999 1.000000e+25 & 1.000000e+25 & 
TRACK_ID  45 START_TIME 1943100312
POINT_NUM  15
1943100312 115.699997 11.800000 1.000000e+25 & 1.000000e+25 & 
1943100318 114.910004 12.160000 1.000000e+25 & 1.000000e+25 & 
1943100400 114.199997 12.400000 1.000000e+25 & 1.000000e+25 & 
1943100406 113.650002 12.440000 1.000000e+25 & 1.000000e+25 & 
1943100412 113.199997 12.400000 1.000000e+25 & 1.000000e+25 & 
1943100418 112.790001 12.400000 1.000000e+25 & 1.000000e+25 & 
1943100500 112.400002 12.400000 1.000000e+25 & 1.000000e+25 & 
1943100506 111.940002 12.380000 1.000000e+25 & 1.000000e+25 & 
1943100512 111.500000 12.400000 1.000000e+25 & 1.000000e+25 & 
1943100518 111.150002 12.490000 1.000000e+25 & 1.000000e+25 & 
1943100600 110.800003 12.600000 1.000000e+25 & 1.000000e+25 & 
1943100606 110.370003 12.660000 1.000000e+25 & 1.000000e+25 & 
1943100612 109.900002 12.700000 1.000000e+25 & 1.000000e+25 & 
1943100618 109.410004 12.710000 1.000000e+25 & 1.000000e+25 & 
1943100700 108.900002 12.700000 1.000000e+25 & 1.000000e+25 & 
TRACK_ID  42 START_TIME 1943092806
POINT_NUM  16
1943092806 294.200012 29.000000 1.000000e+25 & 1.801000e+01 & 
1943092812 293.700012 30.000000 1.000000e+25 & 1.801000e+01 & 
1943092818 293.299988 31.500000 1.000000e+25 & 2.058000e+01 & 
1943092900 292.899994 32.700001 1.000000e+25 & 2.058000e+01 & 
1943092906 292.500000 33.799999 1.000000e+25 & 2.315000e+01 & 
1943092912 291.799988 34.599998 1.000000e+25 & 2.315000e+01 & 
1943092918 290.799988 35.200001 1.000000e+25 & 2.572000e+01 & 
1943093000 289.600006 35.700001 1.000000e+25 & 2.572000e+01 & 
1943093006 288.299988 36.099998 1.000000e+25 & 2.572000e+01 & 
1943093012 287.000000 36.500000 1.000000e+25 & 2.829000e+01 & 
1943093018 285.500000 37.000000 1.000000e+25 & 2.829000e+01 & 
1943100100 284.299988 37.700001 9.970000e+02 & 2.829000e+01 & 
1943100106 283.399994 38.500000 1.000000e+25 & 2.315000e+01 & 
1943100112 283.200012 39.500000 1.000000e+25 & 1.801000e+01 & 
1943100118 283.000000 40.500000 1.000000e+25 & 1.543000e+01 & 
1943100200 282.799988 41.500000 1.000000e+25 & 1.286000e+01 & 
TRACK_ID  44 START_TIME 1943100212
POINT_NUM  27
1943100212 140.500000 13.500000 1.000000e+25 & 1.000000e+25 & 
1943100218 140.460007 13.550000 1.000000e+25 & 1.000000e+25 & 
1943100300 140.300003 13.700000 1.000000e+25 & 1.000000e+25 & 
1943100306 139.940002 14.010000 1.000000e+25 & 1.000000e+25 & 
1943100312 139.500000 14.400000 1.000000e+25 & 1.000000e+25 & 
1943100318 139.139999 14.750000 1.000000e+25 & 1.000000e+25 & 
1943100400 138.699997 15.200000 1.000000e+25 & 1.000000e+25 & 
1943100406 138.130005 15.770000 1.000000e+25 & 1.000000e+25 & 
1943100412 137.399994 16.500000 1.000000e+25 & 1.000000e+25 & 
1943100418 136.500000 17.400000 1.000000e+25 & 1.000000e+25 & 
1943100500 135.500000 18.400000 1.000000e+25 & 1.000000e+25 & 
1943100506 134.520004 19.379999 1.000000e+25 & 1.000000e+25 & 
1943100512 133.500000 20.400000 1.000000e+25 & 1.000000e+25 & 
1943100518 132.389999 21.570000 1.000000e+25 & 1.000000e+25 & 
1943100600 131.300003 22.600000 1.000000e+25 & 1.000000e+25 & 
1943100606 130.309998 23.299999 1.000000e+25 & 1.000000e+25 & 
1943100612 129.399994 23.600000 1.000000e+25 & 1.000000e+25 & 
1943100618 128.360001 23.490000 1.000000e+25 & 1.000000e+25 & 
1943100700 127.800003 23.100000 1.000000e+25 & 1.000000e+25 & 
1943100706 128.199997 22.600000 1.000000e+25 & 1.000000e+25 & 
1943100712 129.000000 22.299999 1.000000e+25 & 1.000000e+25 & 
1943100718 129.679993 22.580000 1.000000e+25 & 1.000000e+25 & 
1943100800 130.100006 23.200001 1.000000e+25 & 1.000000e+25 & 
1943100806 129.839996 23.889999 1.000000e+25 & 1.000000e+25 & 
1943100812 129.500000 24.700001 1.000000e+25 & 1.000000e+25 & 
1943100818 129.630005 25.549999 1.000000e+25 & 1.000000e+25 & 
1943100900 130.100006 26.400000 1.000000e+25 & 1.000000e+25 & 
TRACK_ID  50 START_TIME 1943102012
POINT_NUM  26
1943102012 279.000000 16.000000 1.000000e+25 & 1.286000e+01 & 
1943102018 278.600006 16.200001 1.000000e+25 & 1.543000e+01 & 
1943102100 278.100006 16.400000 1.000000e+25 & 1.801000e+01 & 
1943102106 277.600006 16.600000 1.000000e+25 & 2.058000e+01 & 
1943102112 277.000000 16.700001 1.000000e+25 & 2.058000e+01 & 
1943102118 276.299988 16.700001 1.000000e+25 & 2.058000e+01 & 
1943102200 275.399994 16.799999 1.000000e+25 & 2.058000e+01 & 
1943102206 274.399994 16.900000 1.000000e+25 & 2.058000e+01 & 
1943102212 273.500000 17.000000 1.000000e+25 & 2.058000e+01 & 
1943102218 272.899994 17.200001 1.000000e+25 & 1.801000e+01 & 
1943102300 272.399994 17.500000 1.000000e+25 & 1.801000e+01 & 
1943102306 272.200012 17.799999 1.000000e+25 & 1.801000e+01 & 
1943102312 272.000000 18.000000 1.000000e+25 & 1.801000e+01 & 
1943102318 271.799988 18.000000 1.000000e+25 & 1.801000e+01 & 
1943102400 271.700012 17.900000 1.000000e+25 & 1.801000e+01 & 
1943102406 272.000000 17.700001 1.000000e+25 & 1.801000e+01 & 
1943102412 272.500000 17.500000 1.000000e+25 & 1.801000e+01 & 
1943102418 273.000000 17.400000 1.000000e+25 & 1.801000e+01 & 
1943102500 273.600006 17.299999 1.000000e+25 & 1.801000e+01 & 
1943102506 274.299988 17.299999 1.000000e+25 & 1.801000e+01 & 
1943102512 275.000000 17.299999 1.000000e+25 & 1.801000e+01 & 
1943102518 275.700012 17.500000 1.000000e+25 & 1.801000e+01 & 
1943102600 276.399994 17.700001 1.000000e+25 & 1.801000e+01 & 
1943102606 277.200012 18.000000 1.000000e+25 & 1.801000e+01 & 
1943102612 278.000000 18.200001 1.000000e+25 & 1.801000e+01 & 
1943102618 279.000000 18.299999 1.000000e+25 & 1.543000e+01 & 
TRACK_ID  48 START_TIME 1943101300
POINT_NUM  29
1943101300 140.000000 14.500000 1.000000e+25 & 1.000000e+25 & 
1943101306 139.259995 14.500000 1.000000e+25 & 1.000000e+25 & 
1943101312 138.600006 14.500000 1.000000e+25 & 1.000000e+25 & 
1943101318 138.080002 14.490000 1.000000e+25 & 1.000000e+25 & 
1943101400 137.600006 14.500000 1.000000e+25 & 1.000000e+25 & 
1943101406 137.059998 14.530000 1.000000e+25 & 1.000000e+25 & 
1943101412 136.500000 14.600000 1.000000e+25 & 1.000000e+25 & 
1943101418 135.940002 14.680000 1.000000e+25 & 1.000000e+25 & 
1943101500 135.399994 14.800000 1.000000e+25 & 1.000000e+25 & 
1943101506 134.899994 14.930000 1.000000e+25 & 1.000000e+25 & 
1943101512 134.399994 15.100000 1.000000e+25 & 1.000000e+25 & 
1943101518 133.860001 15.280000 1.000000e+25 & 1.000000e+25 & 
1943101600 133.300003 15.500000 1.000000e+25 & 1.000000e+25 & 
1943101606 132.759995 15.760000 1.000000e+25 & 1.000000e+25 & 
1943101612 132.199997 16.100000 1.000000e+25 & 1.000000e+25 & 
1943101618 131.600006 16.480000 1.000000e+25 & 1.000000e+25 & 
1943101700 131.000000 17.000000 1.000000e+25 & 1.000000e+25 & 
1943101706 130.440002 17.700001 1.000000e+25 & 1.000000e+25 & 
1943101712 129.899994 18.500000 1.000000e+25 & 1.000000e+25 & 
1943101718 129.410004 19.290001 1.000000e+25 & 1.000000e+25 & 
1943101800 128.899994 20.100000 1.000000e+25 & 1.000000e+25 & 
1943101806 128.149994 20.850000 1.000000e+25 & 1.000000e+25 & 
1943101812 127.599998 21.700001 1.000000e+25 & 1.000000e+25 & 
1943101818 127.620003 22.910000 1.000000e+25 & 1.000000e+25 & 
1943101900 128.000000 24.000000 1.000000e+25 & 1.000000e+25 & 
1943101906 128.479996 24.510000 1.000000e+25 & 1.000000e+25 & 
1943101912 129.100006 24.799999 1.000000e+25 & 1.000000e+25 & 
1943101918 129.789993 25.160000 1.000000e+25 & 1.000000e+25 & 
1943102000 130.500000 25.600000 1.000000e+25 & 1.000000e+25 & 
TRACK_ID  47 START_TIME 1943101106
POINT_NUM  25
1943101106 299.500000 12.700000 1.000000e+25 & 2.315000e+01 & 
1943101112 299.000000 12.700000 1.000000e+25 & 2.572000e+01 & 
1943101118 298.500000 12.800000 1.000000e+25 & 2.572000e+01 & 
1943101200 298.000000 12.800000 1.000000e+25 & 2.829000e+01 & 
1943101206 297.500000 12.900000 1.000000e+25 & 3.087000e+01 & 
1943101212 297.000000 13.000000 1.000000e+25 & 3.344000e+01 & 
1943101218 296.500000 13.200000 1.000000e+25 & 3.601000e+01 & 
1943101300 296.000000 13.400000 1.000000e+25 & 3.601000e+01 & 
1943101306 295.500000 13.600000 1.000000e+25 & 3.858000e+01 & 
1943101312 295.000000 14.000000 1.000000e+25 & 3.858000e+01 & 
1943101318 294.500000 14.500000 1.000000e+25 & 3.858000e+01 & 
1943101400 294.000000 15.100000 1.000000e+25 & 3.858000e+01 & 
1943101406 293.500000 15.700000 1.000000e+25 & 4.116000e+01 & 
1943101412 293.000000 16.500000 1.000000e+25 & 4.116000e+01 & 
1943101418 292.500000 17.500000 1.000000e+25 & 4.116000e+01 & 
1943101500 292.000000 18.700001 1.000000e+25 & 4.116000e+01 & 
1943101506 291.600006 20.000000 1.000000e+25 & 4.373000e+01 & 
1943101512 291.500000 21.500000 1.000000e+25 & 4.373000e+01 & 
1943101518 291.500000 23.100000 1.000000e+25 & 4.630000e+01 & 
1943101600 291.600006 24.799999 1.000000e+25 & 4.630000e+01 & 
1943101606 291.799988 26.600000 1.000000e+25 & 4.887000e+01 & 
1943101612 292.000000 28.700001 1.000000e+25 & 4.887000e+01 & 
1943101618 292.200012 31.000000 1.000000e+25 & 4.887000e+01 & 
1943101700 292.500000 33.599998 1.000000e+25 & 3.087000e+01 & 
1943101706 293.000000 37.000000 1.000000e+25 & 2.315000e+01 & 
TRACK_ID  52 START_TIME 1943102900
POINT_NUM  9
1943102900 86.599998 14.200000 1.000000e+25 & 1.000000e+25 & 
1943102906 86.360001 15.000000 1.000000e+25 & 1.000000e+25 & 
1943102912 86.080002 15.880000 1.000000e+25 & 1.000000e+25 & 
1943102918 85.760002 16.639999 1.000000e+25 & 1.000000e+25 & 
1943103000 85.379997 17.200001 1.000000e+25 & 1.000000e+25 & 
1943103006 85.080002 17.420000 1.000000e+25 & 1.000000e+25 & 
1943103012 84.849998 17.580000 1.000000e+25 & 1.000000e+25 & 
1943103018 84.660004 17.670000 1.000000e+25 & 1.000000e+25 & 
1943103100 84.540001 17.840000 1.000000e+25 & 1.000000e+25 & 
TRACK_ID  53 START_TIME 1943110112
POINT_NUM  14
1943110112 121.059998 12.210000 1.000000e+25 & 1.000000e+25 & 
1943110118 120.309998 12.260000 1.000000e+25 & 1.000000e+25 & 
1943110200 119.529999 12.320000 1.000000e+25 & 1.000000e+25 & 
1943110206 118.690002 12.420000 1.000000e+25 & 1.000000e+25 & 
1943110212 117.790001 12.540000 1.000000e+25 & 1.000000e+25 & 
1943110218 116.830002 12.690000 1.000000e+25 & 1.000000e+25 & 
1943110300 115.910004 12.860000 1.000000e+25 & 1.000000e+25 & 
1943110306 115.059998 13.020000 1.000000e+25 & 1.000000e+25 & 
1943110312 114.190002 13.120000 1.000000e+25 & 1.000000e+25 & 
1943110318 113.269997 13.120000 1.000000e+25 & 1.000000e+25 & 
1943110400 112.650002 13.100000 1.000000e+25 & 1.000000e+25 & 
1943110406 112.419998 13.100000 1.000000e+25 & 1.000000e+25 & 
1943110412 112.220001 13.100000 1.000000e+25 & 1.000000e+25 & 
1943110418 111.870003 13.100000 1.000000e+25 & 1.000000e+25 & 
TRACK_ID  51 START_TIME 1943102300
POINT_NUM  25
1943102300 137.000000 10.000000 1.000000e+25 & 1.000000e+25 & 
1943102306 134.729996 9.750000 1.000000e+25 & 1.000000e+25 & 
1943102312 132.399994 9.700000 1.000000e+25 & 1.000000e+25 & 
1943102318 130.039993 9.970000 1.000000e+25 & 1.000000e+25 & 
1943102400 128.000000 10.400000 1.000000e+25 & 1.000000e+25 & 
1943102406 126.629997 10.740000 1.000000e+25 & 1.000000e+25 & 
1943102412 125.599998 11.200000 1.000000e+25 & 1.000000e+25 & 
1943102418 124.459999 11.980000 1.000000e+25 & 1.000000e+25 & 
1943102500 123.400002 12.700000 1.000000e+25 & 1.000000e+25 & 
1943102506 122.430000 12.980000 1.000000e+25 & 1.000000e+25 & 
1943102512 121.500000 13.100000 1.000000e+25 & 1.000000e+25 & 
1943102518 120.519997 13.300000 1.000000e+25 & 1.000000e+25 & 
1943102600 119.599998 13.500000 1.000000e+25 & 1.000000e+25 & 
1943102606 118.830002 13.720000 1.000000e+25 & 1.000000e+25 & 
1943102612 118.099998 13.900000 1.000000e+25 & 1.000000e+25 & 
1943102618 117.269997 14.030000 1.000000e+25 & 1.000000e+25 & 
1943102700 116.500000 14.000000 1.000000e+25 & 1.000000e+25 & 
1943102706 115.910004 13.690000 1.000000e+25 & 1.000000e+25 & 
1943102712 115.400002 13.300000 1.000000e+25 & 1.000000e+25 & 
1943102718 114.900002 12.970000 1.000000e+25 & 1.000000e+25 & 
1943102800 114.400002 12.800000 1.000000e+25 & 1.000000e+25 & 
1943102806 113.860001 12.930000 1.000000e+25 & 1.000000e+25 & 
1943102812 113.300003 13.200000 1.000000e+25 & 1.000000e+25 & 
1943102818 112.709999 13.420000 1.000000e+25 & 1.000000e+25 & 
1943102900 112.099998 13.600000 1.000000e+25 & 1.000000e+25 & 
TRACK_ID  55 START_TIME 1943112000
POINT_NUM  9
1943112000 85.900002 8.400000 1.000000e+25 & 1.000000e+25 & 
1943112006 85.889999 8.410000 1.000000e+25 & 1.000000e+25 & 
1943112012 85.879997 8.420000 1.000000e+25 & 1.000000e+25 & 
1943112018 85.940002 8.370000 1.000000e+25 & 1.000000e+25 & 
1943112100 85.980003 8.340000 1.000000e+25 & 1.000000e+25 & 
1943112106 85.330002 8.860000 1.000000e+25 & 1.000000e+25 & 
1943112112 84.139999 9.800000 1.000000e+25 & 1.000000e+25 & 
1943112118 82.790001 10.370000 1.000000e+25 & 1.000000e+25 & 
1943112200 81.320000 10.560000 1.000000e+25 & 1.000000e+25 & 
TRACK_ID  56 START_TIME 1943120212
POINT_NUM  31
1943120212 139.300003 8.500000 1.000000e+25 & 1.000000e+25 & 
1943120218 138.570007 8.150000 1.000000e+25 & 1.000000e+25 & 
1943120300 137.600006 7.900000 1.000000e+25 & 1.000000e+25 & 
1943120306 136.220001 7.820000 1.000000e+25 & 1.000000e+25 & 
1943120312 134.600006 7.900000 1.000000e+25 & 1.000000e+25 & 
1943120318 132.940002 8.100000 1.000000e+25 & 1.000000e+25 & 
1943120400 131.300003 8.400000 1.000000e+25 & 1.000000e+25 & 
1943120406 129.880005 8.700000 1.000000e+25 & 1.000000e+25 & 
1943120412 128.500000 9.100000 1.000000e+25 & 1.000000e+25 & 
1943120418 126.910004 9.680000 1.000000e+25 & 1.000000e+25 & 
1943120500 125.400002 10.300000 1.000000e+25 & 1.000000e+25 & 
1943120506 124.250000 10.860000 1.000000e+25 & 1.000000e+25 & 
1943120512 123.199997 11.300000 1.000000e+25 & 1.000000e+25 & 
1943120518 121.870003 11.680000 1.000000e+25 & 1.000000e+25 & 
1943120600 120.699997 11.700000 1.000000e+25 & 1.000000e+25 & 
1943120606 120.059998 11.140000 1.000000e+25 & 1.000000e+25 & 
1943120612 119.599998 10.300000 1.000000e+25 & 1.000000e+25 & 
1943120618 118.980003 9.430000 1.000000e+25 & 1.000000e+25 & 
1943120700 118.300003 8.800000 1.000000e+25 & 1.000000e+25 & 
1943120706 117.519997 8.730000 1.000000e+25 & 1.000000e+25 & 
1943120712 116.800003 9.000000 1.000000e+25 & 1.000000e+25 & 
1943120718 116.260002 9.350000 1.000000e+25 & 1.000000e+25 & 
1943120800 115.900002 9.800000 1.000000e+25 & 1.000000e+25 & 
1943120806 115.720001 10.240000 1.000000e+25 & 1.000000e+25 & 
1943120812 115.599998 10.700000 1.000000e+25 & 1.000000e+25 & 
1943120818 115.400002 11.270000 1.000000e+25 & 1.000000e+25 & 
1943120900 115.099998 11.600000 1.000000e+25 & 1.000000e+25 & 
1943120906 114.610001 11.410000 1.000000e+25 & 1.000000e+25 & 
1943120912 114.099998 10.900000 1.000000e+25 & 1.000000e+25 & 
1943120918 113.750000 10.310000 1.000000e+25 & 1.000000e+25 & 
1943121000 113.500000 9.700000 1.000000e+25 & 1.000000e+25 & 
TRACK_ID  57 START_TIME 1943121700
POINT_NUM  21
1943121700 137.300003 7.500000 1.000000e+25 & 1.000000e+25 & 
1943121706 136.070007 7.510000 1.000000e+25 & 1.000000e+25 & 
1943121712 134.899994 7.600000 1.000000e+25 & 1.000000e+25 & 
1943121718 133.809998 7.840000 1.000000e+25 & 1.000000e+25 & 
1943121800 132.699997 8.300000 1.000000e+25 & 1.000000e+25 & 
1943121806 131.440002 8.990000 1.000000e+25 & 1.000000e+25 & 
1943121812 130.100006 9.800000 1.000000e+25 & 1.000000e+25 & 
1943121818 128.630005 10.600000 1.000000e+25 & 1.000000e+25 & 
1943121900 127.400002 11.300000 1.000000e+25 & 1.000000e+25 & 
1943121906 126.779999 11.760000 1.000000e+25 & 1.000000e+25 & 
1943121912 126.400002 12.100000 1.000000e+25 & 1.000000e+25 & 
1943121918 125.820000 12.470000 1.000000e+25 & 1.000000e+25 & 
1943122000 125.300003 12.800000 1.000000e+25 & 1.000000e+25 & 
1943122006 124.949997 13.100000 1.000000e+25 & 1.000000e+25 & 
1943122012 124.699997 13.400000 1.000000e+25 & 1.000000e+25 & 
1943122018 124.480003 13.720000 1.000000e+25 & 1.000000e+25 & 
1943122100 124.300003 14.100000 1.000000e+25 & 1.000000e+25 & 
1943122106 124.040001 14.560000 1.000000e+25 & 1.000000e+25 & 
1943122112 123.900002 15.100000 1.000000e+25 & 1.000000e+25 & 
1943122118 124.019997 15.690000 1.000000e+25 & 1.000000e+25 & 
1943122200 124.300003 16.299999 1.000000e+25 & 1.000000e+25 & 
