0
0 0
TRACK_NUM        54 ADD_FLD    1   1 &0
TRACK_ID  1 START_TIME 1948011106
POINT_NUM  35
1948011106 146.800003 7.000000 1.000000e+25 & 1.000000e+25 & 
1948011112 146.699997 7.600000 1.000000e+25 & 1.000000e+25 & 
1948011118 146.509995 8.400000 1.000000e+25 & 1.000000e+25 & 
1948011200 146.100006 9.200000 1.000000e+25 & 1.000000e+25 & 
1948011206 145.039993 9.980000 1.000000e+25 & 1.000000e+25 & 
1948011212 144.000000 10.400000 1.000000e+25 & 1.000000e+25 & 
1948011218 142.929993 10.510000 1.000000e+25 & 1.000000e+25 & 
1948011300 142.000000 10.500000 1.000000e+25 & 1.000000e+25 & 
1948011306 140.820007 10.560000 1.000000e+25 & 1.000000e+25 & 
1948011312 139.800003 10.300000 1.000000e+25 & 1.000000e+25 & 
1948011318 138.910004 9.980000 1.000000e+25 & 1.000000e+25 & 
1948011400 138.199997 9.700000 1.000000e+25 & 1.000000e+25 & 
1948011406 137.250000 9.900000 1.000000e+25 & 1.000000e+25 & 
1948011412 136.699997 10.300000 1.000000e+25 & 1.000000e+25 & 
1948011418 136.179993 10.600000 1.000000e+25 & 1.000000e+25 & 
1948011500 135.600006 10.900000 1.000000e+25 & 1.000000e+25 & 
1948011506 135.020004 11.290000 1.000000e+25 & 1.000000e+25 & 
1948011512 134.600006 11.600000 1.000000e+25 & 1.000000e+25 & 
1948011518 134.199997 11.910000 1.000000e+25 & 1.000000e+25 & 
1948011600 134.000000 12.300000 1.000000e+25 & 1.000000e+25 & 
1948011606 134.089996 12.780000 1.000000e+25 & 1.000000e+25 & 
1948011612 134.399994 13.200000 1.000000e+25 & 1.000000e+25 & 
1948011618 135.000000 13.790000 1.000000e+25 & 1.000000e+25 & 
1948011700 135.800003 14.300000 1.000000e+25 & 1.000000e+25 & 
1948011706 136.589996 14.810000 1.000000e+25 & 1.000000e+25 & 
1948011712 137.399994 15.300000 1.000000e+25 & 1.000000e+25 & 
1948011718 138.190002 15.610000 1.000000e+25 & 1.000000e+25 & 
1948011800 139.199997 16.100000 1.000000e+25 & 1.000000e+25 & 
1948011806 141.050003 16.879999 1.000000e+25 & 1.000000e+25 & 
1948011812 142.899994 17.700001 1.000000e+25 & 1.000000e+25 & 
1948011818 144.789993 18.680000 1.000000e+25 & 1.000000e+25 & 
1948011900 146.500000 19.500000 1.000000e+25 & 1.000000e+25 & 
1948011906 148.000000 19.600000 1.000000e+25 & 1.000000e+25 & 
1948011912 149.500000 19.799999 1.000000e+25 & 1.000000e+25 & 
1948011918 151.500000 20.000000 1.000000e+25 & 1.000000e+25 & 
TRACK_ID  2 START_TIME 1948011318
POINT_NUM  6
1948011318 87.199997 10.900000 1.000000e+25 & 1.000000e+25 & 
1948011400 86.800003 10.900000 1.000000e+25 & 1.000000e+25 & 
1948011406 86.389999 10.900000 1.000000e+25 & 1.000000e+25 & 
1948011412 85.790001 10.900000 1.000000e+25 & 1.000000e+25 & 
1948011418 85.169998 10.900000 1.000000e+25 & 1.000000e+25 & 
1948011500 84.389999 10.900000 1.000000e+25 & 1.000000e+25 & 
TRACK_ID  3 START_TIME 1948040218
POINT_NUM  10
1948040218 93.300003 12.800000 1.000000e+25 & 1.000000e+25 & 
1948040300 93.800003 12.900000 1.000000e+25 & 1.000000e+25 & 
1948040306 94.290001 13.100000 1.000000e+25 & 1.000000e+25 & 
1948040312 94.709999 13.290000 1.000000e+25 & 1.000000e+25 & 
1948040318 95.010002 13.510000 1.000000e+25 & 1.000000e+25 & 
1948040400 95.209999 13.810000 1.000000e+25 & 1.000000e+25 & 
1948040406 95.400002 14.120000 1.000000e+25 & 1.000000e+25 & 
1948040412 95.599998 14.420000 1.000000e+25 & 1.000000e+25 & 
1948040418 95.790001 14.710000 1.000000e+25 & 1.000000e+25 & 
1948040500 95.919998 14.910000 1.000000e+25 & 1.000000e+25 & 
TRACK_ID  4 START_TIME 1948051518
POINT_NUM  10
1948051518 93.199997 14.600000 1.000000e+25 & 1.000000e+25 & 
1948051600 94.099998 15.000000 1.000000e+25 & 1.000000e+25 & 
1948051606 94.779999 15.800000 1.000000e+25 & 1.000000e+25 & 
1948051612 94.910004 16.709999 1.000000e+25 & 1.000000e+25 & 
1948051618 94.430000 17.620001 1.000000e+25 & 1.000000e+25 & 
1948051700 93.440002 18.490000 1.000000e+25 & 1.000000e+25 & 
1948051706 92.889999 19.100000 1.000000e+25 & 1.000000e+25 & 
1948051712 92.599998 19.590000 1.000000e+25 & 1.000000e+25 & 
1948051718 92.400002 20.010000 1.000000e+25 & 1.000000e+25 & 
1948051800 92.120003 20.490000 1.000000e+25 & 1.000000e+25 & 
TRACK_ID  5 START_TIME 1948051612
POINT_NUM  18
1948051612 138.000000 10.000000 1.000000e+25 & 1.000000e+25 & 
1948051618 138.809998 10.720000 1.000000e+25 & 1.000000e+25 & 
1948051700 139.600006 11.500000 1.000000e+25 & 1.000000e+25 & 
1948051706 140.190002 12.100000 1.000000e+25 & 1.000000e+25 & 
1948051712 140.600006 12.700000 1.000000e+25 & 1.000000e+25 & 
1948051718 141.009995 13.320000 1.000000e+25 & 1.000000e+25 & 
1948051800 141.399994 14.200000 1.000000e+25 & 1.000000e+25 & 
1948051806 141.869995 15.200000 1.000000e+25 & 1.000000e+25 & 
1948051812 142.100006 16.400000 1.000000e+25 & 1.000000e+25 & 
1948051818 142.330002 17.959999 1.000000e+25 & 1.000000e+25 & 
1948051900 142.699997 19.299999 1.000000e+25 & 1.000000e+25 & 
1948051906 142.800003 20.520000 1.000000e+25 & 1.000000e+25 & 
1948051912 142.899994 21.700001 1.000000e+25 & 1.000000e+25 & 
1948051918 143.080002 22.610001 1.000000e+25 & 1.000000e+25 & 
1948052000 143.399994 23.600000 1.000000e+25 & 1.000000e+25 & 
1948052006 144.199997 24.790001 1.000000e+25 & 1.000000e+25 & 
1948052012 145.300003 26.000000 1.000000e+25 & 1.000000e+25 & 
1948052018 146.100006 27.100000 1.000000e+25 & 1.000000e+25 & 
TRACK_ID  6 START_TIME 1948052206
POINT_NUM  28
1948052206 286.799988 17.100000 1.000000e+25 & 1.543000e+01 & 
1948052212 286.899994 18.200001 1.000000e+25 & 1.543000e+01 & 
1948052218 287.000000 19.299999 1.000000e+25 & 1.543000e+01 & 
1948052300 287.100006 20.400000 1.000000e+25 & 1.543000e+01 & 
1948052306 287.299988 21.400000 1.000000e+25 & 1.543000e+01 & 
1948052312 287.700012 22.400000 1.000000e+25 & 1.543000e+01 & 
1948052318 288.399994 23.400000 1.000000e+25 & 1.543000e+01 & 
1948052400 289.399994 24.400000 1.000000e+25 & 1.543000e+01 & 
1948052406 290.399994 25.400000 1.000000e+25 & 1.543000e+01 & 
1948052412 291.000000 26.299999 1.000000e+25 & 1.801000e+01 & 
1948052418 291.200012 27.200001 1.000000e+25 & 1.801000e+01 & 
1948052500 291.299988 28.100000 1.000000e+25 & 2.058000e+01 & 
1948052506 291.100006 28.900000 1.000000e+25 & 2.058000e+01 & 
1948052512 291.000000 29.400000 1.000000e+25 & 2.315000e+01 & 
1948052518 291.000000 29.700001 1.000000e+25 & 2.315000e+01 & 
1948052600 291.100006 29.700001 1.000000e+25 & 2.315000e+01 & 
1948052606 291.200012 29.500000 1.000000e+25 & 2.315000e+01 & 
1948052612 291.399994 29.500000 1.000000e+25 & 2.315000e+01 & 
1948052618 291.600006 29.700001 1.000000e+25 & 2.058000e+01 & 
1948052700 291.799988 30.100000 1.000000e+25 & 2.058000e+01 & 
1948052706 291.899994 30.600000 1.000000e+25 & 2.058000e+01 & 
1948052712 292.000000 31.299999 1.000000e+25 & 2.058000e+01 & 
1948052718 291.799988 32.000000 1.000000e+25 & 2.058000e+01 & 
1948052800 291.500000 32.799999 1.000000e+25 & 1.801000e+01 & 
1948052806 291.200012 33.700001 1.000000e+25 & 1.543000e+01 & 
1948052812 291.000000 34.599998 1.000000e+25 & 1.543000e+01 & 
1948052818 291.000000 35.400002 1.000000e+25 & 1.286000e+01 & 
1948052900 291.000000 36.099998 1.000000e+25 & 1.286000e+01 & 
TRACK_ID  7 START_TIME 1948052900
POINT_NUM  18
1948052900 129.800003 11.900000 1.000000e+25 & 1.000000e+25 & 
1948052906 129.699997 12.810000 1.000000e+25 & 1.000000e+25 & 
1948052912 129.600006 13.800000 1.000000e+25 & 1.000000e+25 & 
1948052918 129.500000 14.780000 1.000000e+25 & 1.000000e+25 & 
1948053000 129.399994 15.700000 1.000000e+25 & 1.000000e+25 & 
1948053006 129.389999 16.790001 1.000000e+25 & 1.000000e+25 & 
1948053012 129.399994 17.900000 1.000000e+25 & 1.000000e+25 & 
1948053018 129.580002 19.000000 1.000000e+25 & 1.000000e+25 & 
1948053100 129.800003 20.100000 1.000000e+25 & 1.000000e+25 & 
1948053106 130.139999 21.110001 1.000000e+25 & 1.000000e+25 & 
1948053112 130.800003 22.100000 1.000000e+25 & 1.000000e+25 & 
1948053118 131.279999 22.969999 1.000000e+25 & 1.000000e+25 & 
1948060100 131.899994 23.799999 1.000000e+25 & 1.000000e+25 & 
1948060106 133.039993 25.030001 1.000000e+25 & 1.000000e+25 & 
1948060112 134.899994 26.700001 1.000000e+25 & 1.000000e+25 & 
1948060118 137.100006 28.299999 1.000000e+25 & 1.000000e+25 & 
1948060200 139.399994 30.000000 1.000000e+25 & 1.000000e+25 & 
1948060206 142.000000 31.400000 1.000000e+25 & 1.000000e+25 & 
TRACK_ID  8 START_TIME 1948060418
POINT_NUM  18
1948060418 63.000000 17.400000 1.000000e+25 & 1.000000e+25 & 
1948060500 63.000000 17.799999 1.000000e+25 & 1.000000e+25 & 
1948060506 63.000000 18.190001 1.000000e+25 & 1.000000e+25 & 
1948060512 63.000000 18.510000 1.000000e+25 & 1.000000e+25 & 
1948060518 63.000000 18.889999 1.000000e+25 & 1.000000e+25 & 
1948060600 63.000000 19.290001 1.000000e+25 & 1.000000e+25 & 
1948060606 63.000000 19.709999 1.000000e+25 & 1.000000e+25 & 
1948060612 63.000000 20.299999 1.000000e+25 & 1.000000e+25 & 
1948060618 63.000000 20.910000 1.000000e+25 & 1.000000e+25 & 
1948060700 63.000000 21.680000 1.000000e+25 & 1.000000e+25 & 
1948060706 62.990002 22.309999 1.000000e+25 & 1.000000e+25 & 
1948060712 62.910000 23.010000 1.000000e+25 & 1.000000e+25 & 
1948060718 62.880001 23.799999 1.000000e+25 & 1.000000e+25 & 
1948060800 62.869999 24.610001 1.000000e+25 & 1.000000e+25 & 
1948060806 63.099998 25.320000 1.000000e+25 & 1.000000e+25 & 
1948060812 63.799999 25.910000 1.000000e+25 & 1.000000e+25 & 
1948060818 64.610001 26.410000 1.000000e+25 & 1.000000e+25 & 
1948060900 65.519997 26.809999 1.000000e+25 & 1.000000e+25 & 
TRACK_ID  10 START_TIME 1948060900
POINT_NUM  12
1948060900 138.000000 15.000000 1.000000e+25 & 1.000000e+25 & 
1948060906 137.679993 15.420000 1.000000e+25 & 1.000000e+25 & 
1948060912 137.300003 15.800000 1.000000e+25 & 1.000000e+25 & 
1948060918 137.020004 15.960000 1.000000e+25 & 1.000000e+25 & 
1948061000 136.699997 16.000000 1.000000e+25 & 1.000000e+25 & 
1948061006 135.550003 16.450001 1.000000e+25 & 1.000000e+25 & 
1948061012 134.699997 17.500000 1.000000e+25 & 1.000000e+25 & 
1948061018 134.350006 18.430000 1.000000e+25 & 1.000000e+25 & 
1948061100 133.899994 19.900000 1.000000e+25 & 1.000000e+25 & 
1948061106 133.429993 21.780001 1.000000e+25 & 1.000000e+25 & 
1948061112 133.100006 23.700001 1.000000e+25 & 1.000000e+25 & 
1948061118 132.899994 25.700001 1.000000e+25 & 1.000000e+25 & 
TRACK_ID  9 START_TIME 1948060712
POINT_NUM  11
1948060712 120.500000 23.000000 1.000000e+25 & 1.000000e+25 & 
1948060718 119.339996 22.660000 1.000000e+25 & 1.000000e+25 & 
1948060800 118.400002 22.299999 1.000000e+25 & 1.000000e+25 & 
1948060806 117.809998 21.930000 1.000000e+25 & 1.000000e+25 & 
1948060812 117.400002 21.600000 1.000000e+25 & 1.000000e+25 & 
1948060818 116.989998 21.340000 1.000000e+25 & 1.000000e+25 & 
1948060900 116.500000 21.200001 1.000000e+25 & 1.000000e+25 & 
1948060906 115.769997 21.180000 1.000000e+25 & 1.000000e+25 & 
1948060912 115.000000 21.299999 1.000000e+25 & 1.000000e+25 & 
1948060918 114.389999 21.520000 1.000000e+25 & 1.000000e+25 & 
1948061000 113.900002 21.799999 1.000000e+25 & 1.000000e+25 & 
TRACK_ID  12 START_TIME 1948061118
POINT_NUM  6
1948061118 71.800003 15.500000 1.000000e+25 & 1.000000e+25 & 
1948061200 71.900002 15.700000 1.000000e+25 & 1.000000e+25 & 
1948061206 72.099998 16.200001 1.000000e+25 & 1.000000e+25 & 
1948061212 72.300003 16.709999 1.000000e+25 & 1.000000e+25 & 
1948061218 72.519997 17.280001 1.000000e+25 & 1.000000e+25 & 
1948061300 72.820000 17.780001 1.000000e+25 & 1.000000e+25 & 
TRACK_ID  13 START_TIME 1948062318
POINT_NUM  14
1948062318 89.099998 20.500000 1.000000e+25 & 1.000000e+25 & 
1948062400 89.000000 20.700001 1.000000e+25 & 1.000000e+25 & 
1948062406 88.800003 20.910000 1.000000e+25 & 1.000000e+25 & 
1948062412 88.589996 21.299999 1.000000e+25 & 1.000000e+25 & 
1948062418 88.419998 21.490000 1.000000e+25 & 1.000000e+25 & 
1948062500 88.309998 21.680000 1.000000e+25 & 1.000000e+25 & 
1948062506 88.010002 22.020000 1.000000e+25 & 1.000000e+25 & 
1948062512 87.500000 22.700001 1.000000e+25 & 1.000000e+25 & 
1948062518 86.809998 23.290001 1.000000e+25 & 1.000000e+25 & 
1948062600 86.099998 23.780001 1.000000e+25 & 1.000000e+25 & 
1948062606 85.599998 23.930000 1.000000e+25 & 1.000000e+25 & 
1948062612 85.389999 24.000000 1.000000e+25 & 1.000000e+25 & 
1948062618 85.199997 24.000000 1.000000e+25 & 1.000000e+25 & 
1948062700 85.000000 24.080000 1.000000e+25 & 1.000000e+25 & 
TRACK_ID  14 START_TIME 1948070100
POINT_NUM  30
1948070100 145.100006 11.300000 1.000000e+25 & 1.000000e+25 & 
1948070106 143.960007 11.460000 1.000000e+25 & 1.000000e+25 & 
1948070112 142.399994 11.500000 1.000000e+25 & 1.000000e+25 & 
1948070118 140.789993 11.810000 1.000000e+25 & 1.000000e+25 & 
1948070200 139.199997 12.200000 1.000000e+25 & 1.000000e+25 & 
1948070206 138.000000 12.500000 1.000000e+25 & 1.000000e+25 & 
1948070212 136.899994 12.800000 1.000000e+25 & 1.000000e+25 & 
1948070218 135.720001 13.190000 1.000000e+25 & 1.000000e+25 & 
1948070300 134.500000 13.600000 1.000000e+25 & 1.000000e+25 & 
1948070306 133.119995 14.030000 1.000000e+25 & 1.000000e+25 & 
1948070312 131.199997 14.900000 1.000000e+25 & 1.000000e+25 & 
1948070318 129.600006 16.080000 1.000000e+25 & 1.000000e+25 & 
1948070400 128.199997 17.299999 1.000000e+25 & 1.000000e+25 & 
1948070406 127.239998 18.330000 1.000000e+25 & 1.000000e+25 & 
1948070412 126.099998 19.500000 1.000000e+25 & 1.000000e+25 & 
1948070418 125.089996 20.450001 1.000000e+25 & 1.000000e+25 & 
1948070500 124.099998 21.700001 1.000000e+25 & 1.000000e+25 & 
1948070506 123.239998 22.760000 1.000000e+25 & 1.000000e+25 & 
1948070512 122.699997 23.700001 1.000000e+25 & 1.000000e+25 & 
1948070518 121.959999 24.870001 1.000000e+25 & 1.000000e+25 & 
1948070600 121.300003 26.900000 1.000000e+25 & 1.000000e+25 & 
1948070606 121.419998 29.389999 1.000000e+25 & 1.000000e+25 & 
1948070612 122.199997 31.799999 1.000000e+25 & 1.000000e+25 & 
1948070618 123.160004 33.369999 1.000000e+25 & 1.000000e+25 & 
1948070700 124.099998 35.099998 1.000000e+25 & 1.000000e+25 & 
1948070706 125.290001 36.669998 1.000000e+25 & 1.000000e+25 & 
1948070712 126.500000 38.000000 1.000000e+25 & 1.000000e+25 & 
1948070718 126.800003 40.000000 1.000000e+25 & 1.000000e+25 & 
1948070800 127.199997 42.000000 1.000000e+25 & 1.000000e+25 & 
1948070806 128.000000 43.000000 1.000000e+25 & 1.000000e+25 & 
TRACK_ID  16 START_TIME 1948070718
POINT_NUM  17
1948070718 270.600006 27.500000 1.000000e+25 & 1.543000e+01 & 
1948070800 270.600006 27.600000 1.000000e+25 & 1.543000e+01 & 
1948070806 270.600006 27.700001 1.000000e+25 & 1.543000e+01 & 
1948070812 270.799988 28.000000 1.000000e+25 & 1.543000e+01 & 
1948070818 271.200012 28.500000 1.000000e+25 & 1.543000e+01 & 
1948070900 271.799988 29.200001 1.000000e+25 & 1.801000e+01 & 
1948070906 272.600006 30.200001 1.000000e+25 & 1.801000e+01 & 
1948070912 273.100006 30.799999 1.000000e+25 & 1.801000e+01 & 
1948070918 273.399994 31.299999 1.000000e+25 & 1.543000e+01 & 
1948071000 273.399994 31.799999 1.000000e+25 & 1.543000e+01 & 
1948071006 273.500000 32.299999 1.000000e+25 & 1.543000e+01 & 
1948071012 273.700012 32.700001 1.000000e+25 & 1.286000e+01 & 
1948071018 273.700012 33.299999 1.000000e+25 & 1.286000e+01 & 
1948071100 273.500000 34.000000 1.000000e+25 & 1.029000e+01 & 
1948071106 273.399994 34.599998 1.000000e+25 & 1.029000e+01 & 
1948071112 273.399994 35.200001 1.000000e+25 & 7.720000e+00 & 
1948071118 273.399994 35.799999 1.000000e+25 & 7.720000e+00 & 
TRACK_ID  15 START_TIME 1948070518
POINT_NUM  10
1948070518 88.300003 20.100000 1.000000e+25 & 1.000000e+25 & 
1948070600 88.000000 20.200001 1.000000e+25 & 1.000000e+25 & 
1948070606 87.989998 20.200001 1.000000e+25 & 1.000000e+25 & 
1948070612 87.980003 20.209999 1.000000e+25 & 1.000000e+25 & 
1948070618 88.040001 20.190001 1.000000e+25 & 1.000000e+25 & 
1948070700 88.070000 20.180000 1.000000e+25 & 1.000000e+25 & 
1948070706 87.620003 20.320000 1.000000e+25 & 1.000000e+25 & 
1948070712 85.879997 20.900000 1.000000e+25 & 1.000000e+25 & 
1948070718 84.269997 21.500000 1.000000e+25 & 1.000000e+25 & 
1948070800 82.959999 22.100000 1.000000e+25 & 1.000000e+25 & 
TRACK_ID  17 START_TIME 1948072012
POINT_NUM  15
1948072012 127.900002 13.100000 1.000000e+25 & 1.000000e+25 & 
1948072018 127.639999 13.340000 1.000000e+25 & 1.000000e+25 & 
1948072100 126.900002 13.900000 1.000000e+25 & 1.000000e+25 & 
1948072106 125.309998 14.910000 1.000000e+25 & 1.000000e+25 & 
1948072112 123.000000 15.800000 1.000000e+25 & 1.000000e+25 & 
1948072118 120.099998 15.860000 1.000000e+25 & 1.000000e+25 & 
1948072200 117.300003 15.800000 1.000000e+25 & 1.000000e+25 & 
1948072206 115.410004 16.260000 1.000000e+25 & 1.000000e+25 & 
1948072212 114.000000 17.000000 1.000000e+25 & 1.000000e+25 & 
1948072218 112.620003 17.920000 1.000000e+25 & 1.000000e+25 & 
1948072300 111.500000 18.799999 1.000000e+25 & 1.000000e+25 & 
1948072306 110.620003 19.320000 1.000000e+25 & 1.000000e+25 & 
1948072312 109.900002 19.700001 1.000000e+25 & 1.000000e+25 & 
1948072318 109.160004 20.090000 1.000000e+25 & 1.000000e+25 & 
1948072400 108.400002 20.500000 1.000000e+25 & 1.000000e+25 & 
TRACK_ID  18 START_TIME 1948072318
POINT_NUM  18
1948072318 128.600006 11.300000 1.000000e+25 & 1.000000e+25 & 
1948072400 127.300003 12.500000 1.000000e+25 & 1.000000e+25 & 
1948072406 126.029999 13.280000 1.000000e+25 & 1.000000e+25 & 
1948072412 124.800003 13.900000 1.000000e+25 & 1.000000e+25 & 
1948072418 123.300003 14.600000 1.000000e+25 & 1.000000e+25 & 
1948072500 122.000000 15.000000 1.000000e+25 & 1.000000e+25 & 
1948072506 120.589996 15.370000 1.000000e+25 & 1.000000e+25 & 
1948072512 119.199997 15.700000 1.000000e+25 & 1.000000e+25 & 
1948072518 118.099998 16.500000 1.000000e+25 & 1.000000e+25 & 
1948072600 117.300003 17.500000 1.000000e+25 & 1.000000e+25 & 
1948072606 117.040001 18.660000 1.000000e+25 & 1.000000e+25 & 
1948072612 116.500000 19.600000 1.000000e+25 & 1.000000e+25 & 
1948072618 115.720001 20.350000 1.000000e+25 & 1.000000e+25 & 
1948072700 115.099998 21.299999 1.000000e+25 & 1.000000e+25 & 
1948072706 114.800003 22.200001 1.000000e+25 & 1.000000e+25 & 
1948072712 114.500000 23.000000 1.000000e+25 & 1.000000e+25 & 
1948072718 113.820000 23.690001 1.000000e+25 & 1.000000e+25 & 
1948072800 113.000000 24.200001 1.000000e+25 & 1.000000e+25 & 
TRACK_ID  19 START_TIME 1948072618
POINT_NUM  10
1948072618 90.400002 19.500000 1.000000e+25 & 1.000000e+25 & 
1948072700 90.400002 19.600000 1.000000e+25 & 1.000000e+25 & 
1948072706 89.989998 20.290001 1.000000e+25 & 1.000000e+25 & 
1948072712 89.400002 21.010000 1.000000e+25 & 1.000000e+25 & 
1948072718 88.800003 21.790001 1.000000e+25 & 1.000000e+25 & 
1948072800 88.010002 22.500000 1.000000e+25 & 1.000000e+25 & 
1948072806 86.889999 23.090000 1.000000e+25 & 1.000000e+25 & 
1948072812 85.300003 23.510000 1.000000e+25 & 1.000000e+25 & 
1948072818 83.489998 23.889999 1.000000e+25 & 1.000000e+25 & 
1948072900 81.500000 24.180000 1.000000e+25 & 1.000000e+25 & 
TRACK_ID  21 START_TIME 1948080800
POINT_NUM  26
1948080800 142.000000 19.000000 1.000000e+25 & 1.000000e+25 & 
1948080806 141.580002 20.010000 1.000000e+25 & 1.000000e+25 & 
1948080812 141.000000 21.000000 1.000000e+25 & 1.000000e+25 & 
1948080818 140.320007 21.959999 1.000000e+25 & 1.000000e+25 & 
1948080900 139.800003 22.500000 1.000000e+25 & 1.000000e+25 & 
1948080906 139.320007 22.900000 1.000000e+25 & 1.000000e+25 & 
1948080912 138.899994 23.200001 1.000000e+25 & 1.000000e+25 & 
1948080918 137.940002 23.690001 1.000000e+25 & 1.000000e+25 & 
1948081000 137.000000 24.000000 1.000000e+25 & 1.000000e+25 & 
1948081006 135.779999 24.000000 1.000000e+25 & 1.000000e+25 & 
1948081012 134.500000 23.799999 1.000000e+25 & 1.000000e+25 & 
1948081018 133.919998 23.600000 1.000000e+25 & 1.000000e+25 & 
1948081100 133.100006 23.400000 1.000000e+25 & 1.000000e+25 & 
1948081106 132.500000 23.290001 1.000000e+25 & 1.000000e+25 & 
1948081112 132.000000 23.200001 1.000000e+25 & 1.000000e+25 & 
1948081118 131.679993 23.200001 1.000000e+25 & 1.000000e+25 & 
1948081200 131.300003 23.200001 1.000000e+25 & 1.000000e+25 & 
1948081206 131.149994 23.190001 1.000000e+25 & 1.000000e+25 & 
1948081212 130.699997 23.000000 1.000000e+25 & 1.000000e+25 & 
1948081218 130.089996 22.639999 1.000000e+25 & 1.000000e+25 & 
1948081300 129.800003 22.400000 1.000000e+25 & 1.000000e+25 & 
1948081306 129.190002 22.129999 1.000000e+25 & 1.000000e+25 & 
1948081312 128.000000 21.500000 1.000000e+25 & 1.000000e+25 & 
1948081318 127.669998 21.459999 1.000000e+25 & 1.000000e+25 & 
1948081400 127.400002 21.299999 1.000000e+25 & 1.000000e+25 & 
1948081406 127.000000 21.000000 1.000000e+25 & 1.000000e+25 & 
TRACK_ID  23 START_TIME 1948081118
POINT_NUM  18
1948081118 86.500000 17.799999 1.000000e+25 & 1.000000e+25 & 
1948081200 86.599998 17.900000 1.000000e+25 & 1.000000e+25 & 
1948081206 86.709999 18.010000 1.000000e+25 & 1.000000e+25 & 
1948081212 86.820000 18.120001 1.000000e+25 & 1.000000e+25 & 
1948081218 86.919998 18.200001 1.000000e+25 & 1.000000e+25 & 
1948081300 87.019997 18.299999 1.000000e+25 & 1.000000e+25 & 
1948081306 87.120003 18.610001 1.000000e+25 & 1.000000e+25 & 
1948081312 87.230003 19.209999 1.000000e+25 & 1.000000e+25 & 
1948081318 87.300003 19.610001 1.000000e+25 & 1.000000e+25 & 
1948081400 87.180000 19.799999 1.000000e+25 & 1.000000e+25 & 
1948081406 86.800003 20.100000 1.000000e+25 & 1.000000e+25 & 
1948081412 86.209999 20.590000 1.000000e+25 & 1.000000e+25 & 
1948081418 85.589996 21.000000 1.000000e+25 & 1.000000e+25 & 
1948081500 84.889999 21.400000 1.000000e+25 & 1.000000e+25 & 
1948081506 84.089996 21.790001 1.000000e+25 & 1.000000e+25 & 
1948081512 83.199997 22.110001 1.000000e+25 & 1.000000e+25 & 
1948081518 82.419998 22.500000 1.000000e+25 & 1.000000e+25 & 
1948081600 81.879997 22.900000 1.000000e+25 & 1.000000e+25 & 
TRACK_ID  22 START_TIME 1948081000
POINT_NUM  17
1948081000 155.000000 18.100000 1.000000e+25 & 1.000000e+25 & 
1948081006 152.820007 18.730000 1.000000e+25 & 1.000000e+25 & 
1948081012 150.899994 19.700001 1.000000e+25 & 1.000000e+25 & 
1948081018 149.179993 20.820000 1.000000e+25 & 1.000000e+25 & 
1948081100 147.699997 22.100000 1.000000e+25 & 1.000000e+25 & 
1948081106 146.770004 23.010000 1.000000e+25 & 1.000000e+25 & 
1948081112 145.899994 23.900000 1.000000e+25 & 1.000000e+25 & 
1948081118 145.169998 24.820000 1.000000e+25 & 1.000000e+25 & 
1948081200 144.300003 25.900000 1.000000e+25 & 1.000000e+25 & 
1948081206 143.600006 26.900000 1.000000e+25 & 1.000000e+25 & 
1948081212 142.899994 27.900000 1.000000e+25 & 1.000000e+25 & 
1948081218 142.199997 28.900000 1.000000e+25 & 1.000000e+25 & 
1948081300 141.500000 29.900000 1.000000e+25 & 1.000000e+25 & 
1948081306 140.880005 30.900000 1.000000e+25 & 1.000000e+25 & 
1948081312 140.300003 31.900000 1.000000e+25 & 1.000000e+25 & 
1948081318 140.110001 32.910000 1.000000e+25 & 1.000000e+25 & 
1948081400 140.199997 34.000000 1.000000e+25 & 1.000000e+25 & 
TRACK_ID  26 START_TIME 1948082600
POINT_NUM  44
1948082600 299.399994 20.400000 1.000000e+25 & 2.829000e+01 & 
1948082606 298.399994 21.299999 1.000000e+25 & 3.087000e+01 & 
1948082612 297.399994 22.200001 1.000000e+25 & 3.344000e+01 & 
1948082618 296.399994 23.000000 1.000000e+25 & 3.601000e+01 & 
1948082700 295.500000 23.799999 1.000000e+25 & 3.858000e+01 & 
1948082706 294.600006 24.700001 1.000000e+25 & 4.116000e+01 & 
1948082712 293.700012 25.500000 1.000000e+25 & 4.373000e+01 & 
1948082718 292.799988 26.299999 1.000000e+25 & 4.630000e+01 & 
1948082800 291.899994 26.799999 1.000000e+25 & 4.887000e+01 & 
1948082806 291.100006 27.200001 1.000000e+25 & 4.887000e+01 & 
1948082812 290.299988 27.600000 1.000000e+25 & 5.144000e+01 & 
1948082818 289.399994 28.100000 1.000000e+25 & 5.402000e+01 & 
1948082900 288.500000 28.600000 1.000000e+25 & 5.402000e+01 & 
1948082906 287.700012 28.900000 1.000000e+25 & 5.402000e+01 & 
1948082912 286.899994 29.100000 1.000000e+25 & 5.144000e+01 & 
1948082918 286.100006 29.500000 1.000000e+25 & 5.144000e+01 & 
1948083000 285.500000 30.000000 1.000000e+25 & 4.887000e+01 & 
1948083006 285.100006 30.600000 1.000000e+25 & 4.887000e+01 & 
1948083012 284.799988 31.200001 1.000000e+25 & 4.630000e+01 & 
1948083018 284.700012 31.900000 1.000000e+25 & 4.373000e+01 & 
1948083100 285.100006 32.599998 1.000000e+25 & 4.116000e+01 & 
1948083106 285.600006 33.299999 1.000000e+25 & 3.858000e+01 & 
1948083112 286.700012 34.200001 1.000000e+25 & 3.601000e+01 & 
1948083118 288.399994 35.299999 1.000000e+25 & 3.601000e+01 & 
1948090100 291.299988 37.000000 1.000000e+25 & 3.344000e+01 & 
1948090106 294.899994 39.000000 1.000000e+25 & 3.087000e+01 & 
1948090112 298.000000 41.000000 1.000000e+25 & 3.087000e+01 & 
1948090118 300.600006 42.900002 1.000000e+25 & 3.087000e+01 & 
1948090200 302.600006 45.000000 1.000000e+25 & 2.829000e+01 & 
1948090206 304.000000 48.000000 1.000000e+25 & 2.829000e+01 & 
1948090212 306.000000 51.000000 1.000000e+25 & 2.572000e+01 & 
1948090218 308.000000 52.799999 1.000000e+25 & 2.572000e+01 & 
1948090300 310.000000 53.799999 1.000000e+25 & 2.572000e+01 & 
1948090306 312.200012 54.900002 1.000000e+25 & 2.572000e+01 & 
1948090312 314.500000 56.000000 1.000000e+25 & 2.572000e+01 & 
1948090318 316.500000 57.000000 1.000000e+25 & 2.572000e+01 & 
1948090400 318.200012 58.000000 1.000000e+25 & 2.315000e+01 & 
1948090406 320.000000 58.900002 1.000000e+25 & 2.315000e+01 & 
1948090412 321.799988 59.799999 1.000000e+25 & 2.058000e+01 & 
1948090418 324.200012 60.599998 1.000000e+25 & 2.058000e+01 & 
1948090500 327.500000 61.299999 1.000000e+25 & 1.801000e+01 & 
1948090506 332.000000 61.900002 1.000000e+25 & 1.801000e+01 & 
1948090512 337.000000 62.500000 1.000000e+25 & 1.543000e+01 & 
1948090518 343.000000 63.000000 1.000000e+25 & 1.543000e+01 & 
TRACK_ID  20 START_TIME 1948080406
POINT_NUM  11
1948080406 138.800003 30.299999 1.000000e+25 & 1.000000e+25 & 
1948080412 140.000000 30.799999 1.000000e+25 & 1.000000e+25 & 
1948080418 140.580002 31.400000 1.000000e+25 & 1.000000e+25 & 
1948080500 140.899994 32.000000 1.000000e+25 & 1.000000e+25 & 
1948080506 141.009995 32.500000 1.000000e+25 & 1.000000e+25 & 
1948080512 141.100006 32.900002 1.000000e+25 & 1.000000e+25 & 
1948080518 141.199997 33.110001 1.000000e+25 & 1.000000e+25 & 
1948080600 141.300003 33.400002 1.000000e+25 & 1.000000e+25 & 
1948080606 141.410004 33.740002 1.000000e+25 & 1.000000e+25 & 
1948080612 141.600006 34.599998 1.000000e+25 & 1.000000e+25 & 
1948080618 141.800003 35.599998 1.000000e+25 & 1.000000e+25 & 
TRACK_ID  24 START_TIME 1948082000
POINT_NUM  13
1948082000 117.900002 18.400000 1.000000e+25 & 1.000000e+25 & 
1948082006 116.510002 18.219999 1.000000e+25 & 1.000000e+25 & 
1948082012 115.199997 18.200001 1.000000e+25 & 1.000000e+25 & 
1948082018 113.989998 18.190001 1.000000e+25 & 1.000000e+25 & 
1948082100 112.800003 18.299999 1.000000e+25 & 1.000000e+25 & 
1948082106 111.699997 18.680000 1.000000e+25 & 1.000000e+25 & 
1948082112 110.599998 19.100000 1.000000e+25 & 1.000000e+25 & 
1948082118 109.410004 19.620001 1.000000e+25 & 1.000000e+25 & 
1948082200 108.300003 20.299999 1.000000e+25 & 1.000000e+25 & 
1948082206 107.199997 20.799999 1.000000e+25 & 1.000000e+25 & 
1948082212 106.000000 19.900000 1.000000e+25 & 1.000000e+25 & 
1948082218 107.000000 19.000000 1.000000e+25 & 1.000000e+25 & 
1948082300 108.500000 18.500000 1.000000e+25 & 1.000000e+25 & 
TRACK_ID  27 START_TIME 1948082612
POINT_NUM  35
1948082612 139.399994 14.300000 1.000000e+25 & 1.000000e+25 & 
1948082618 138.789993 14.890000 1.000000e+25 & 1.000000e+25 & 
1948082700 138.100006 15.400000 1.000000e+25 & 1.000000e+25 & 
1948082706 137.470001 15.750000 1.000000e+25 & 1.000000e+25 & 
1948082712 136.470001 15.960000 1.000000e+25 & 1.000000e+25 & 
1948082718 135.350006 16.240000 1.000000e+25 & 1.000000e+25 & 
1948082800 134.500000 16.450001 1.000000e+25 & 1.000000e+25 & 
1948082806 133.410004 16.770000 1.000000e+25 & 1.000000e+25 & 
1948082812 132.380005 17.000000 1.000000e+25 & 1.000000e+25 & 
1948082818 131.419998 17.280001 1.000000e+25 & 1.000000e+25 & 
1948082900 130.179993 17.379999 1.000000e+25 & 1.000000e+25 & 
1948082906 129.160004 17.389999 1.000000e+25 & 1.000000e+25 & 
1948082912 128.070007 17.150000 1.000000e+25 & 1.000000e+25 & 
1948082918 127.070000 16.809999 1.000000e+25 & 1.000000e+25 & 
1948083000 126.080002 16.450001 1.000000e+25 & 1.000000e+25 & 
1948083006 125.480003 16.160000 1.000000e+25 & 1.000000e+25 & 
1948083012 124.669998 15.880000 1.000000e+25 & 1.000000e+25 & 
1948083018 123.919998 15.740000 1.000000e+25 & 1.000000e+25 & 
1948083100 123.120003 15.700000 1.000000e+25 & 1.000000e+25 & 
1948083106 122.470001 15.770000 1.000000e+25 & 1.000000e+25 & 
1948083112 121.919998 15.850000 1.000000e+25 & 1.000000e+25 & 
1948083118 121.330002 15.990000 1.000000e+25 & 1.000000e+25 & 
1948090100 120.879997 16.250000 1.000000e+25 & 1.000000e+25 & 
1948090106 120.129997 16.580000 1.000000e+25 & 1.000000e+25 & 
1948090112 119.349998 17.100000 1.000000e+25 & 1.000000e+25 & 
1948090118 118.610001 17.520000 1.000000e+25 & 1.000000e+25 & 
1948090200 117.900002 18.100000 1.000000e+25 & 1.000000e+25 & 
1948090206 116.790001 18.920000 1.000000e+25 & 1.000000e+25 & 
1948090212 115.550003 19.650000 1.000000e+25 & 1.000000e+25 & 
1948090218 114.370003 20.440001 1.000000e+25 & 1.000000e+25 & 
1948090300 113.269997 21.030001 1.000000e+25 & 1.000000e+25 & 
1948090306 112.220001 21.670000 1.000000e+25 & 1.000000e+25 & 
1948090312 109.669998 21.200001 1.000000e+25 & 1.000000e+25 & 
1948090318 107.970001 21.620001 1.000000e+25 & 1.000000e+25 & 
1948090400 106.930000 21.730000 1.000000e+25 & 1.000000e+25 & 
TRACK_ID  31 START_TIME 1948090406
POINT_NUM  54
1948090406 339.799988 14.300000 1.000000e+25 & 1.801000e+01 & 
1948090412 338.700012 14.200000 1.000000e+25 & 2.058000e+01 & 
1948090418 337.600006 14.200000 1.000000e+25 & 2.058000e+01 & 
1948090500 336.399994 14.300000 1.000000e+25 & 2.058000e+01 & 
1948090506 335.200012 14.400000 1.000000e+25 & 2.058000e+01 & 
1948090512 334.000000 14.500000 1.000000e+25 & 2.315000e+01 & 
1948090518 332.700012 14.600000 1.000000e+25 & 2.315000e+01 & 
1948090600 331.299988 14.800000 1.000000e+25 & 2.315000e+01 & 
1948090606 329.899994 15.000000 1.000000e+25 & 2.315000e+01 & 
1948090612 328.500000 15.200000 1.000000e+25 & 2.572000e+01 & 
1948090618 327.100006 15.500000 1.000000e+25 & 2.572000e+01 & 
1948090700 325.700012 16.000000 1.000000e+25 & 2.572000e+01 & 
1948090706 324.299988 16.600000 1.000000e+25 & 2.572000e+01 & 
1948090712 323.000000 17.000000 1.000000e+25 & 2.572000e+01 & 
1948090718 321.700012 17.200001 1.000000e+25 & 2.572000e+01 & 
1948090800 320.399994 17.299999 1.000000e+25 & 2.572000e+01 & 
1948090806 319.200012 17.299999 1.000000e+25 & 2.572000e+01 & 
1948090812 318.000000 17.299999 1.000000e+25 & 2.572000e+01 & 
1948090818 316.799988 17.299999 1.000000e+25 & 2.572000e+01 & 
1948090900 315.700012 17.299999 1.000000e+25 & 2.572000e+01 & 
1948090906 314.600006 17.299999 1.000000e+25 & 2.572000e+01 & 
1948090912 313.399994 17.299999 1.000000e+25 & 2.572000e+01 & 
1948090918 312.100006 17.299999 1.000000e+25 & 2.572000e+01 & 
1948091000 310.799988 17.400000 1.000000e+25 & 2.572000e+01 & 
1948091006 309.500000 17.600000 1.000000e+25 & 2.572000e+01 & 
1948091012 308.200012 18.000000 1.000000e+25 & 2.572000e+01 & 
1948091018 306.899994 18.500000 1.000000e+25 & 2.572000e+01 & 
1948091100 305.500000 19.400000 1.000000e+25 & 2.829000e+01 & 
1948091106 304.100006 20.400000 1.000000e+25 & 3.344000e+01 & 
1948091112 302.600006 21.600000 1.000000e+25 & 4.116000e+01 & 
1948091118 301.000000 22.900000 1.000000e+25 & 4.630000e+01 & 
1948091200 299.000000 24.000000 1.000000e+25 & 5.144000e+01 & 
1948091206 298.000000 24.600000 1.000000e+25 & 5.402000e+01 & 
1948091212 297.200012 25.400000 1.000000e+25 & 5.659000e+01 & 
1948091218 296.399994 26.799999 1.000000e+25 & 5.659000e+01 & 
1948091300 295.600006 28.500000 1.000000e+25 & 5.916000e+01 & 
1948091306 294.799988 29.799999 1.000000e+25 & 5.916000e+01 & 
1948091312 294.200012 31.000000 1.000000e+25 & 5.916000e+01 & 
1948091318 294.200012 32.299999 1.000000e+25 & 5.659000e+01 & 
1948091400 294.500000 33.700001 1.000000e+25 & 5.402000e+01 & 
1948091406 295.100006 35.099998 1.000000e+25 & 5.144000e+01 & 
1948091412 296.000000 36.500000 1.000000e+25 & 4.887000e+01 & 
1948091418 297.399994 38.500000 1.000000e+25 & 4.373000e+01 & 
1948091500 299.600006 40.299999 1.000000e+25 & 4.116000e+01 & 
1948091506 302.600006 42.000000 1.000000e+25 & 3.858000e+01 & 
1948091512 306.600006 44.599998 1.000000e+25 & 3.601000e+01 & 
1948091518 311.200012 47.099998 1.000000e+25 & 3.344000e+01 & 
1948091600 315.799988 49.799999 1.000000e+25 & 3.087000e+01 & 
1948091606 320.000000 53.000000 1.000000e+25 & 2.829000e+01 & 
1948091612 325.000000 56.299999 1.000000e+25 & 2.829000e+01 & 
1948091618 331.000000 58.299999 1.000000e+25 & 2.829000e+01 & 
1948091700 338.000000 60.000000 1.000000e+25 & 3.087000e+01 & 
1948091706 346.000000 61.500000 1.000000e+25 & 3.087000e+01 & 
1948091712 354.000000 62.500000 1.000000e+25 & 3.087000e+01 & 
TRACK_ID  28 START_TIME 1948083018
POINT_NUM  9
1948083018 304.600006 12.900000 1.000000e+25 & 2.572000e+01 & 
1948083100 303.399994 13.100000 1.000000e+25 & 2.572000e+01 & 
1948083106 302.200012 13.300000 1.000000e+25 & 2.572000e+01 & 
1948083112 301.000000 13.500000 1.000000e+25 & 2.315000e+01 & 
1948083118 299.799988 13.700000 1.000000e+25 & 2.058000e+01 & 
1948090100 298.700012 13.900000 1.000000e+25 & 2.058000e+01 & 
1948090106 297.700012 14.100000 1.000000e+25 & 1.801000e+01 & 
1948090112 296.899994 14.200000 1.007000e+03 & 1.543000e+01 & 
1948090118 296.000000 14.300000 1.000000e+25 & 1.286000e+01 & 
TRACK_ID  29 START_TIME 1948090206
POINT_NUM  21
1948090206 133.699997 14.800000 1.000000e+25 & 1.000000e+25 & 
1948090212 132.800003 14.900000 1.000000e+25 & 1.000000e+25 & 
1948090218 131.779999 15.200000 1.000000e+25 & 1.000000e+25 & 
1948090300 130.699997 15.500000 1.000000e+25 & 1.000000e+25 & 
1948090306 129.880005 15.890000 1.000000e+25 & 1.000000e+25 & 
1948090312 129.000000 16.299999 1.000000e+25 & 1.000000e+25 & 
1948090318 128.029999 16.809999 1.000000e+25 & 1.000000e+25 & 
1948090400 127.199997 17.400000 1.000000e+25 & 1.000000e+25 & 
1948090406 126.309998 17.980000 1.000000e+25 & 1.000000e+25 & 
1948090412 125.500000 18.500000 1.000000e+25 & 1.000000e+25 & 
1948090418 124.589996 19.200001 1.000000e+25 & 1.000000e+25 & 
1948090500 123.699997 20.000000 1.000000e+25 & 1.000000e+25 & 
1948090506 123.000000 20.990000 1.000000e+25 & 1.000000e+25 & 
1948090512 122.500000 22.000000 1.000000e+25 & 1.000000e+25 & 
1948090518 122.190002 23.010000 1.000000e+25 & 1.000000e+25 & 
1948090600 122.000000 24.100000 1.000000e+25 & 1.000000e+25 & 
1948090606 121.989998 25.030001 1.000000e+25 & 1.000000e+25 & 
1948090612 122.099998 26.200001 1.000000e+25 & 1.000000e+25 & 
1948090618 122.410004 27.309999 1.000000e+25 & 1.000000e+25 & 
1948090700 122.900002 28.600000 1.000000e+25 & 1.000000e+25 & 
1948090706 123.400002 29.700001 1.000000e+25 & 1.000000e+25 & 
TRACK_ID  25 START_TIME 1948082218
POINT_NUM  6
1948082218 88.699997 20.799999 1.000000e+25 & 1.000000e+25 & 
1948082300 88.599998 20.900000 1.000000e+25 & 1.000000e+25 & 
1948082306 88.389999 21.010000 1.000000e+25 & 1.000000e+25 & 
1948082312 88.110001 21.120001 1.000000e+25 & 1.000000e+25 & 
1948082318 87.900002 21.219999 1.000000e+25 & 1.000000e+25 & 
1948082400 87.699997 21.320000 1.000000e+25 & 1.000000e+25 & 
TRACK_ID  30 START_TIME 1948090118
POINT_NUM  21
1948090118 265.200012 24.299999 1.000000e+25 & 1.286000e+01 & 
1948090200 265.200012 24.299999 1.000000e+25 & 1.543000e+01 & 
1948090206 265.200012 24.299999 1.000000e+25 & 1.543000e+01 & 
1948090212 265.299988 24.299999 1.000000e+25 & 1.801000e+01 & 
1948090218 265.700012 24.299999 1.000000e+25 & 2.058000e+01 & 
1948090300 266.200012 24.500000 1.000000e+25 & 2.058000e+01 & 
1948090306 266.799988 25.100000 1.000000e+25 & 2.315000e+01 & 
1948090312 267.399994 25.900000 9.980000e+02 & 2.572000e+01 & 
1948090318 268.100006 26.900000 9.900000e+02 & 3.087000e+01 & 
1948090400 268.700012 27.900000 1.000000e+25 & 3.344000e+01 & 
1948090406 269.399994 28.900000 9.830000e+02 & 3.601000e+01 & 
1948090412 270.000000 29.900000 9.860000e+02 & 3.087000e+01 & 
1948090418 270.600006 31.100000 1.000000e+25 & 2.315000e+01 & 
1948090500 270.899994 32.299999 1.000000e+25 & 1.801000e+01 & 
1948090506 270.899994 33.500000 1.000000e+25 & 1.543000e+01 & 
1948090512 270.799988 34.799999 1.000000e+25 & 1.286000e+01 & 
1948090518 270.700012 35.799999 1.000000e+25 & 1.286000e+01 & 
1948090600 270.700012 36.500000 1.000000e+25 & 1.286000e+01 & 
1948090606 270.899994 37.500000 1.000000e+25 & 1.286000e+01 & 
1948090612 271.399994 38.799999 1.000000e+25 & 1.029000e+01 & 
1948090618 272.399994 40.000000 1.000000e+25 & 1.029000e+01 & 
TRACK_ID  32 START_TIME 1948090712
POINT_NUM  14
1948090712 302.000000 36.000000 1.000000e+25 & 2.058000e+01 & 
1948090718 300.000000 35.799999 1.000000e+25 & 2.315000e+01 & 
1948090800 298.500000 36.000000 1.000000e+25 & 2.315000e+01 & 
1948090806 297.500000 36.299999 1.000000e+25 & 2.572000e+01 & 
1948090812 296.799988 36.799999 1.000000e+25 & 2.572000e+01 & 
1948090818 296.299988 37.299999 1.000000e+25 & 2.829000e+01 & 
1948090900 296.000000 37.900002 1.000000e+25 & 2.829000e+01 & 
1948090906 296.000000 38.500000 1.000000e+25 & 2.572000e+01 & 
1948090912 296.100006 39.099998 1.000000e+25 & 2.315000e+01 & 
1948090918 296.600006 40.099998 1.000000e+25 & 2.315000e+01 & 
1948091000 297.700012 41.299999 1.000000e+25 & 2.058000e+01 & 
1948091006 299.000000 42.500000 1.000000e+25 & 2.058000e+01 & 
1948091012 301.500000 44.000000 1.000000e+25 & 2.058000e+01 & 
1948091018 305.000000 46.000000 1.000000e+25 & 1.801000e+01 & 
TRACK_ID  34 START_TIME 1948091100
POINT_NUM  30
1948091100 136.699997 17.200001 1.000000e+25 & 1.000000e+25 & 
1948091106 136.050003 17.490000 1.000000e+25 & 1.000000e+25 & 
1948091112 135.699997 17.700001 1.000000e+25 & 1.000000e+25 & 
1948091118 135.039993 17.990000 1.000000e+25 & 1.000000e+25 & 
1948091200 134.500000 18.299999 1.000000e+25 & 1.000000e+25 & 
1948091206 133.789993 18.709999 1.000000e+25 & 1.000000e+25 & 
1948091212 132.899994 19.100000 1.000000e+25 & 1.000000e+25 & 
1948091218 131.850006 19.379999 1.000000e+25 & 1.000000e+25 & 
1948091300 131.100006 19.400000 1.000000e+25 & 1.000000e+25 & 
1948091306 130.309998 19.400000 1.000000e+25 & 1.000000e+25 & 
1948091312 129.699997 19.400000 1.000000e+25 & 1.000000e+25 & 
1948091318 129.119995 19.490000 1.000000e+25 & 1.000000e+25 & 
1948091400 128.800003 19.600000 1.000000e+25 & 1.000000e+25 & 
1948091406 128.410004 19.799999 1.000000e+25 & 1.000000e+25 & 
1948091412 128.100006 20.000000 1.000000e+25 & 1.000000e+25 & 
1948091418 127.790001 20.190001 1.000000e+25 & 1.000000e+25 & 
1948091500 127.400002 20.299999 1.000000e+25 & 1.000000e+25 & 
1948091506 127.010002 20.500000 1.000000e+25 & 1.000000e+25 & 
1948091512 126.599998 20.799999 1.000000e+25 & 1.000000e+25 & 
1948091518 126.070000 21.209999 1.000000e+25 & 1.000000e+25 & 
1948091600 125.300003 21.799999 1.000000e+25 & 1.000000e+25 & 
1948091606 124.529999 22.309999 1.000000e+25 & 1.000000e+25 & 
1948091612 123.900002 22.900000 1.000000e+25 & 1.000000e+25 & 
1948091618 123.190002 23.500000 1.000000e+25 & 1.000000e+25 & 
1948091700 122.400002 24.100000 1.000000e+25 & 1.000000e+25 & 
1948091706 121.779999 24.629999 1.000000e+25 & 1.000000e+25 & 
1948091712 121.000000 25.299999 1.000000e+25 & 1.000000e+25 & 
1948091718 120.010002 25.780001 1.000000e+25 & 1.000000e+25 & 
1948091800 119.000000 26.000000 1.000000e+25 & 1.000000e+25 & 
1948091806 118.199997 26.400000 1.000000e+25 & 1.000000e+25 & 
TRACK_ID  33 START_TIME 1948091106
POINT_NUM  24
1948091106 155.000000 14.300000 1.000000e+25 & 1.000000e+25 & 
1948091112 153.600006 14.300000 1.000000e+25 & 1.000000e+25 & 
1948091118 151.699997 14.600000 1.000000e+25 & 1.000000e+25 & 
1948091200 150.000000 15.000000 1.000000e+25 & 1.000000e+25 & 
1948091206 148.679993 15.700000 1.000000e+25 & 1.000000e+25 & 
1948091212 147.399994 16.600000 1.000000e+25 & 1.000000e+25 & 
1948091218 146.119995 17.750000 1.000000e+25 & 1.000000e+25 & 
1948091300 145.000000 18.700001 1.000000e+25 & 1.000000e+25 & 
1948091306 143.809998 19.700001 1.000000e+25 & 1.000000e+25 & 
1948091312 142.699997 20.700001 1.000000e+25 & 1.000000e+25 & 
1948091318 141.619995 21.620001 1.000000e+25 & 1.000000e+25 & 
1948091400 140.699997 22.700001 1.000000e+25 & 1.000000e+25 & 
1948091406 139.610001 23.790001 1.000000e+25 & 1.000000e+25 & 
1948091412 138.600006 24.900000 1.000000e+25 & 1.000000e+25 & 
1948091418 137.610001 26.170000 1.000000e+25 & 1.000000e+25 & 
1948091500 136.899994 27.400000 1.000000e+25 & 1.000000e+25 & 
1948091506 136.479996 28.660000 1.000000e+25 & 1.000000e+25 & 
1948091512 136.300003 30.299999 1.000000e+25 & 1.000000e+25 & 
1948091518 136.470001 31.840000 1.000000e+25 & 1.000000e+25 & 
1948091600 137.100006 33.099998 1.000000e+25 & 1.000000e+25 & 
1948091606 138.789993 34.889999 1.000000e+25 & 1.000000e+25 & 
1948091612 141.100006 36.700001 1.000000e+25 & 1.000000e+25 & 
1948091618 143.610001 38.660000 1.000000e+25 & 1.000000e+25 & 
1948091700 146.300003 40.299999 1.000000e+25 & 1.000000e+25 & 
TRACK_ID  35 START_TIME 1948091806
POINT_NUM  32
1948091806 280.799988 18.200001 1.000000e+25 & 2.058000e+01 & 
1948091812 280.200012 18.200001 1.000000e+25 & 2.572000e+01 & 
1948091818 279.600006 18.299999 9.940000e+02 & 3.087000e+01 & 
1948091900 279.200012 18.500000 1.000000e+25 & 3.601000e+01 & 
1948091906 278.899994 18.799999 1.000000e+25 & 4.116000e+01 & 
1948091912 278.500000 19.200001 1.000000e+25 & 4.630000e+01 & 
1948091918 278.100006 19.600000 9.510000e+02 & 5.402000e+01 & 
1948092000 277.799988 20.000000 1.000000e+25 & 5.659000e+01 & 
1948092006 277.700012 20.500000 1.000000e+25 & 5.659000e+01 & 
1948092012 277.700012 21.200001 1.000000e+25 & 5.659000e+01 & 
1948092018 277.700012 21.900000 1.000000e+25 & 5.659000e+01 & 
1948092100 277.899994 22.600000 1.000000e+25 & 5.659000e+01 & 
1948092106 278.100006 23.299999 1.000000e+25 & 5.144000e+01 & 
1948092112 278.299988 24.000000 1.000000e+25 & 5.402000e+01 & 
1948092118 278.500000 24.700001 9.550000e+02 & 5.402000e+01 & 
1948092200 278.600006 25.400000 1.000000e+25 & 5.916000e+01 & 
1948092206 278.799988 26.000000 9.400000e+02 & 5.916000e+01 & 
1948092212 279.200012 26.500000 1.000000e+25 & 4.373000e+01 & 
1948092218 279.899994 27.299999 9.650000e+02 & 4.116000e+01 & 
1948092300 281.100006 27.900000 1.000000e+25 & 4.116000e+01 & 
1948092306 282.399994 28.500000 1.000000e+25 & 4.373000e+01 & 
1948092312 284.299988 29.600000 1.000000e+25 & 4.630000e+01 & 
1948092318 286.399994 31.000000 1.000000e+25 & 4.630000e+01 & 
1948092400 288.399994 33.000000 1.000000e+25 & 4.373000e+01 & 
1948092406 290.500000 35.099998 1.000000e+25 & 3.858000e+01 & 
1948092412 293.100006 37.099998 1.000000e+25 & 3.344000e+01 & 
1948092418 298.000000 39.299999 1.000000e+25 & 3.087000e+01 & 
1948092500 302.500000 41.500000 1.000000e+25 & 2.829000e+01 & 
1948092506 307.200012 43.299999 1.000000e+25 & 2.572000e+01 & 
1948092512 311.399994 44.599998 1.000000e+25 & 2.315000e+01 & 
1948092518 316.299988 46.000000 1.000000e+25 & 2.315000e+01 & 
1948092600 321.000000 47.500000 1.000000e+25 & 2.315000e+01 & 
TRACK_ID  40 START_TIME 1948092906
POINT_NUM  32
1948092906 144.000000 24.400000 1.000000e+25 & 1.000000e+25 & 
1948092912 143.100006 24.700001 1.000000e+25 & 1.000000e+25 & 
1948092918 141.990005 24.990000 1.000000e+25 & 1.000000e+25 & 
1948093000 140.800003 25.100000 1.000000e+25 & 1.000000e+25 & 
1948093006 139.770004 25.110001 1.000000e+25 & 1.000000e+25 & 
1948093012 138.600006 25.100000 1.000000e+25 & 1.000000e+25 & 
1948093018 137.589996 25.100000 1.000000e+25 & 1.000000e+25 & 
1948100100 136.500000 25.100000 1.000000e+25 & 1.000000e+25 & 
1948100106 135.389999 25.100000 1.000000e+25 & 1.000000e+25 & 
1948100112 134.300003 25.100000 1.000000e+25 & 1.000000e+25 & 
1948100118 133.589996 25.090000 1.000000e+25 & 1.000000e+25 & 
1948100200 132.899994 25.000000 1.000000e+25 & 1.000000e+25 & 
1948100206 132.009995 24.990000 1.000000e+25 & 1.000000e+25 & 
1948100212 131.100006 25.000000 1.000000e+25 & 1.000000e+25 & 
1948100218 130.100006 25.020000 1.000000e+25 & 1.000000e+25 & 
1948100300 129.199997 25.200001 1.000000e+25 & 1.000000e+25 & 
1948100306 128.600006 25.400000 1.000000e+25 & 1.000000e+25 & 
1948100312 128.199997 25.700001 1.000000e+25 & 1.000000e+25 & 
1948100318 127.879997 25.920000 1.000000e+25 & 1.000000e+25 & 
1948100400 127.699997 26.299999 1.000000e+25 & 1.000000e+25 & 
1948100406 127.889999 26.700001 1.000000e+25 & 1.000000e+25 & 
1948100412 128.300003 27.200001 1.000000e+25 & 1.000000e+25 & 
1948100418 128.880005 27.870001 1.000000e+25 & 1.000000e+25 & 
1948100500 129.500000 28.500000 1.000000e+25 & 1.000000e+25 & 
1948100506 130.229996 29.240000 1.000000e+25 & 1.000000e+25 & 
1948100512 131.399994 30.299999 1.000000e+25 & 1.000000e+25 & 
1948100518 132.970001 31.190001 1.000000e+25 & 1.000000e+25 & 
1948100600 134.600006 32.000000 1.000000e+25 & 1.000000e+25 & 
1948100606 136.119995 32.820000 1.000000e+25 & 1.000000e+25 & 
1948100612 138.000000 33.799999 1.000000e+25 & 1.000000e+25 & 
1948100618 140.050003 34.619999 1.000000e+25 & 1.000000e+25 & 
1948100700 142.699997 35.500000 1.000000e+25 & 1.000000e+25 & 
TRACK_ID  38 START_TIME 1948092618
POINT_NUM  6
1948092618 88.300003 17.100000 1.000000e+25 & 1.000000e+25 & 
1948092700 88.099998 17.200001 1.000000e+25 & 1.000000e+25 & 
1948092706 87.900002 17.410000 1.000000e+25 & 1.000000e+25 & 
1948092712 87.610001 17.719999 1.000000e+25 & 1.000000e+25 & 
1948092718 87.389999 18.020000 1.000000e+25 & 1.000000e+25 & 
1948092800 87.110001 18.330000 1.000000e+25 & 1.000000e+25 & 
TRACK_ID  37 START_TIME 1948092400
POINT_NUM  18
1948092400 125.699997 14.700000 1.000000e+25 & 1.000000e+25 & 
1948092406 124.440002 15.260000 1.000000e+25 & 1.000000e+25 & 
1948092412 122.699997 16.100000 1.000000e+25 & 1.000000e+25 & 
1948092418 121.160004 16.549999 1.000000e+25 & 1.000000e+25 & 
1948092500 119.400002 17.200001 1.000000e+25 & 1.000000e+25 & 
1948092506 118.000000 17.590000 1.000000e+25 & 1.000000e+25 & 
1948092512 116.699997 17.900000 1.000000e+25 & 1.000000e+25 & 
1948092518 115.199997 18.410000 1.000000e+25 & 1.000000e+25 & 
1948092600 113.800003 19.000000 1.000000e+25 & 1.000000e+25 & 
1948092606 112.639999 19.650000 1.000000e+25 & 1.000000e+25 & 
1948092612 111.900002 20.100000 1.000000e+25 & 1.000000e+25 & 
1948092618 110.750000 20.879999 1.000000e+25 & 1.000000e+25 & 
1948092700 109.900002 21.600000 1.000000e+25 & 1.000000e+25 & 
1948092706 110.199997 19.000000 1.000000e+25 & 1.000000e+25 & 
1948092712 109.500000 18.000000 1.000000e+25 & 1.000000e+25 & 
1948092718 108.000000 17.500000 1.000000e+25 & 1.000000e+25 & 
1948092800 107.000000 17.000000 1.000000e+25 & 1.000000e+25 & 
1948092806 106.000000 16.500000 1.000000e+25 & 1.000000e+25 & 
TRACK_ID  44 START_TIME 1948100318
POINT_NUM  2
1948100318 67.500000 22.100000 1.000000e+25 & 1.000000e+25 & 
1948100400 68.599998 22.400000 1.000000e+25 & 1.000000e+25 & 
TRACK_ID  43 START_TIME 1948100312
POINT_NUM  53
1948100312 276.500000 16.700001 1.000000e+25 & 1.543000e+01 & 
1948100318 275.700012 17.400000 1.000000e+25 & 1.543000e+01 & 
1948100400 275.299988 18.100000 1.000000e+25 & 1.801000e+01 & 
1948100406 275.000000 18.799999 1.000000e+25 & 2.315000e+01 & 
1948100412 274.799988 19.500000 1.000000e+25 & 2.829000e+01 & 
1948100418 275.000000 20.200001 9.910000e+02 & 3.601000e+01 & 
1948100500 275.799988 21.200001 1.000000e+25 & 4.630000e+01 & 
1948100506 276.700012 22.299999 1.000000e+25 & 5.659000e+01 & 
1948100512 277.700012 23.500000 1.000000e+25 & 5.402000e+01 & 
1948100518 278.799988 24.700001 1.000000e+25 & 4.630000e+01 & 
1948100600 279.799988 25.799999 9.790000e+02 & 4.116000e+01 & 
1948100606 280.799988 26.799999 1.000000e+25 & 4.373000e+01 & 
1948100612 282.100006 27.700001 1.000000e+25 & 4.373000e+01 & 
1948100618 283.600006 28.700001 1.000000e+25 & 4.373000e+01 & 
1948100700 285.299988 29.700001 1.000000e+25 & 4.373000e+01 & 
1948100706 287.200012 30.700001 1.000000e+25 & 4.373000e+01 & 
1948100712 290.000000 31.400000 1.000000e+25 & 4.630000e+01 & 
1948100718 293.000000 31.900000 1.000000e+25 & 4.630000e+01 & 
1948100800 296.399994 32.400002 9.710000e+02 & 4.630000e+01 & 
1948100806 299.899994 32.500000 1.000000e+25 & 4.116000e+01 & 
1948100812 303.399994 32.400002 1.000000e+25 & 3.858000e+01 & 
1948100818 306.799988 32.099998 1.000000e+25 & 3.601000e+01 & 
1948100900 309.000000 31.799999 1.000000e+25 & 3.344000e+01 & 
1948100906 310.799988 31.400000 1.000000e+25 & 3.087000e+01 & 
1948100912 312.500000 31.000000 1.000000e+25 & 2.829000e+01 & 
1948100918 314.200012 31.000000 1.000000e+25 & 2.829000e+01 & 
1948101000 315.899994 31.200001 1.000000e+25 & 2.572000e+01 & 
1948101006 317.600006 31.500000 1.000000e+25 & 2.572000e+01 & 
1948101012 319.000000 31.799999 1.000000e+25 & 2.315000e+01 & 
1948101018 320.000000 31.799999 1.000000e+25 & 2.572000e+01 & 
1948101100 320.700012 32.000000 1.000000e+25 & 2.572000e+01 & 
1948101106 321.299988 31.799999 1.000000e+25 & 2.572000e+01 & 
1948101112 321.799988 31.500000 1.000000e+25 & 2.315000e+01 & 
1948101118 322.000000 31.000000 1.000000e+25 & 2.315000e+01 & 
1948101200 321.799988 30.600000 1.000000e+25 & 2.315000e+01 & 
1948101206 321.500000 30.299999 1.000000e+25 & 2.315000e+01 & 
1948101212 321.000000 30.200001 1.000000e+25 & 2.315000e+01 & 
1948101218 320.399994 30.200001 1.000000e+25 & 2.058000e+01 & 
1948101300 319.700012 30.299999 1.000000e+25 & 2.058000e+01 & 
1948101306 319.299988 30.500000 1.000000e+25 & 1.801000e+01 & 
1948101312 318.700012 30.799999 1.000000e+25 & 1.801000e+01 & 
1948101318 317.399994 31.200001 1.000000e+25 & 2.058000e+01 & 
1948101400 316.100006 31.600000 1.000000e+25 & 2.315000e+01 & 
1948101406 314.799988 32.099998 1.000000e+25 & 2.572000e+01 & 
1948101412 313.600006 32.599998 1.000000e+25 & 2.829000e+01 & 
1948101418 313.000000 33.400002 1.000000e+25 & 3.087000e+01 & 
1948101500 312.500000 34.400002 9.890000e+02 & 3.087000e+01 & 
1948101506 312.200012 35.400002 1.000000e+25 & 2.829000e+01 & 
1948101512 312.299988 36.400002 1.000000e+25 & 2.829000e+01 & 
1948101518 312.100006 38.000000 1.000000e+25 & 2.572000e+01 & 
1948101600 313.399994 40.700001 1.000000e+25 & 2.572000e+01 & 
1948101606 317.000000 43.700001 1.000000e+25 & 2.315000e+01 & 
1948101612 322.500000 46.500000 1.000000e+25 & 2.058000e+01 & 
TRACK_ID  46 START_TIME 1948100518
POINT_NUM  10
1948100518 95.199997 15.700000 1.000000e+25 & 1.000000e+25 & 
1948100600 93.900002 16.700001 1.000000e+25 & 1.000000e+25 & 
1948100606 93.410004 17.110001 1.000000e+25 & 1.000000e+25 & 
1948100612 93.120003 17.400000 1.000000e+25 & 1.000000e+25 & 
1948100618 92.889999 17.600000 1.000000e+25 & 1.000000e+25 & 
1948100700 92.599998 17.809999 1.000000e+25 & 1.000000e+25 & 
1948100706 92.400002 18.200001 1.000000e+25 & 1.000000e+25 & 
1948100712 92.300003 18.709999 1.000000e+25 & 1.000000e+25 & 
1948100718 92.320000 19.219999 1.000000e+25 & 1.000000e+25 & 
1948100800 92.529999 19.730000 1.000000e+25 & 1.000000e+25 & 
TRACK_ID  48 START_TIME 1948101518
POINT_NUM  17
1948101518 120.000000 15.300000 1.000000e+25 & 1.000000e+25 & 
1948101600 119.440002 15.720000 1.000000e+25 & 1.000000e+25 & 
1948101606 118.699997 16.100000 1.000000e+25 & 1.000000e+25 & 
1948101612 117.699997 16.650000 1.000000e+25 & 1.000000e+25 & 
1948101618 116.739998 16.879999 1.000000e+25 & 1.000000e+25 & 
1948101700 115.830002 16.930000 1.000000e+25 & 1.000000e+25 & 
1948101706 115.000000 16.950001 1.000000e+25 & 1.000000e+25 & 
1948101712 114.120003 17.030001 1.000000e+25 & 1.000000e+25 & 
1948101718 113.330002 17.100000 1.000000e+25 & 1.000000e+25 & 
1948101800 112.599998 17.090000 1.000000e+25 & 1.000000e+25 & 
1948101806 111.830002 17.150000 1.000000e+25 & 1.000000e+25 & 
1948101812 111.000000 17.150000 1.000000e+25 & 1.000000e+25 & 
1948101818 110.279999 17.240000 1.000000e+25 & 1.000000e+25 & 
1948101900 109.260002 17.370001 1.000000e+25 & 1.000000e+25 & 
1948101906 109.510002 17.910000 1.000000e+25 & 1.000000e+25 & 
1948101912 110.000000 18.000000 1.000000e+25 & 1.000000e+25 & 
1948101918 108.000000 17.500000 1.000000e+25 & 1.000000e+25 & 
TRACK_ID  47 START_TIME 1948101106
POINT_NUM  7
1948101106 144.000000 23.299999 1.000000e+25 & 1.000000e+25 & 
1948101112 143.199997 23.700001 1.000000e+25 & 1.000000e+25 & 
1948101118 142.529999 24.010000 1.000000e+25 & 1.000000e+25 & 
1948101200 142.100006 24.400000 1.000000e+25 & 1.000000e+25 & 
1948101206 142.550003 25.080000 1.000000e+25 & 1.000000e+25 & 
1948101212 143.399994 25.600000 1.000000e+25 & 1.000000e+25 & 
1948101218 144.699997 25.900000 1.000000e+25 & 1.000000e+25 & 
TRACK_ID  53 START_TIME 1948103112
POINT_NUM  15
1948103112 111.000000 6.200000 1.000000e+25 & 1.000000e+25 & 
1948103118 110.879997 6.480000 1.000000e+25 & 1.000000e+25 & 
1948110100 110.699997 7.000000 1.000000e+25 & 1.000000e+25 & 
1948110106 110.389999 7.900000 1.000000e+25 & 1.000000e+25 & 
1948110112 109.900002 8.900000 1.000000e+25 & 1.000000e+25 & 
1948110118 109.279999 9.700000 1.000000e+25 & 1.000000e+25 & 
1948110200 108.400002 10.300000 1.000000e+25 & 1.000000e+25 & 
1948110206 107.290001 10.790000 1.000000e+25 & 1.000000e+25 & 
1948110212 105.900002 10.900000 1.000000e+25 & 1.000000e+25 & 
1948110218 104.160004 10.430000 1.000000e+25 & 1.000000e+25 & 
1948110300 102.599998 9.800000 1.000000e+25 & 1.000000e+25 & 
1948110306 101.800003 9.520000 1.000000e+25 & 1.000000e+25 & 
1948110312 101.300003 9.400000 1.000000e+25 & 1.000000e+25 & 
1948110318 100.699997 9.380000 1.000000e+25 & 1.000000e+25 & 
1948110400 100.000000 9.400000 1.000000e+25 & 1.000000e+25 & 
TRACK_ID  49 START_TIME 1948101918
POINT_NUM  26
1948101918 72.300003 7.700000 1.000000e+25 & 1.000000e+25 & 
1948102000 72.099998 7.900000 1.000000e+25 & 1.000000e+25 & 
1948102006 71.889999 8.100000 1.000000e+25 & 1.000000e+25 & 
1948102012 71.690002 8.300000 1.000000e+25 & 1.000000e+25 & 
1948102018 71.529999 8.490000 1.000000e+25 & 1.000000e+25 & 
1948102100 71.349998 8.690000 1.000000e+25 & 1.000000e+25 & 
1948102106 70.849998 9.000000 1.000000e+25 & 1.000000e+25 & 
1948102112 69.500000 9.510000 1.000000e+25 & 1.000000e+25 & 
1948102118 68.110001 10.090000 1.000000e+25 & 1.000000e+25 & 
1948102200 66.809998 10.610000 1.000000e+25 & 1.000000e+25 & 
1948102206 65.610001 11.100000 1.000000e+25 & 1.000000e+25 & 
1948102212 64.620003 11.500000 1.000000e+25 & 1.000000e+25 & 
1948102218 63.790001 11.910000 1.000000e+25 & 1.000000e+25 & 
1948102300 63.000000 12.410000 1.000000e+25 & 1.000000e+25 & 
1948102306 62.189999 12.920000 1.000000e+25 & 1.000000e+25 & 
1948102312 61.310001 13.420000 1.000000e+25 & 1.000000e+25 & 
1948102318 60.500000 13.910000 1.000000e+25 & 1.000000e+25 & 
1948102400 59.709999 14.390000 1.000000e+25 & 1.000000e+25 & 
1948102406 58.799999 14.890000 1.000000e+25 & 1.000000e+25 & 
1948102412 57.790001 15.490000 1.000000e+25 & 1.000000e+25 & 
1948102418 56.900002 16.080000 1.000000e+25 & 1.000000e+25 & 
1948102500 56.189999 16.700001 1.000000e+25 & 1.000000e+25 & 
1948102506 55.380001 17.969999 1.000000e+25 & 1.000000e+25 & 
1948102512 54.560001 19.690001 1.000000e+25 & 1.000000e+25 & 
1948102518 54.029999 21.430000 1.000000e+25 & 1.000000e+25 & 
1948102600 54.130001 23.110001 1.000000e+25 & 1.000000e+25 & 
TRACK_ID  50 START_TIME 1948101912
POINT_NUM  11
1948101912 125.800003 13.800000 1.000000e+25 & 1.000000e+25 & 
1948101918 125.269997 14.110000 1.000000e+25 & 1.000000e+25 & 
1948102000 124.400002 14.600000 1.000000e+25 & 1.000000e+25 & 
1948102006 122.970001 15.360000 1.000000e+25 & 1.000000e+25 & 
1948102012 121.199997 16.100000 1.000000e+25 & 1.000000e+25 & 
1948102018 119.269997 16.540001 1.000000e+25 & 1.000000e+25 & 
1948102100 117.500000 16.799999 1.000000e+25 & 1.000000e+25 & 
1948102106 116.330002 16.980000 1.000000e+25 & 1.000000e+25 & 
1948102112 115.400002 17.100000 1.000000e+25 & 1.000000e+25 & 
1948102118 114.389999 17.240000 1.000000e+25 & 1.000000e+25 & 
1948102200 113.300003 17.400000 1.000000e+25 & 1.000000e+25 & 
TRACK_ID  51 START_TIME 1948102706
POINT_NUM  19
1948102706 147.500000 16.000000 1.000000e+25 & 1.000000e+25 & 
1948102712 146.100006 16.100000 1.000000e+25 & 1.000000e+25 & 
1948102718 144.899994 16.580000 1.000000e+25 & 1.000000e+25 & 
1948102800 143.699997 17.000000 1.000000e+25 & 1.000000e+25 & 
1948102806 142.559998 17.379999 1.000000e+25 & 1.000000e+25 & 
1948102812 141.300003 18.500000 1.000000e+25 & 1.000000e+25 & 
1948102818 140.399994 19.809999 1.000000e+25 & 1.000000e+25 & 
1948102900 139.699997 21.200001 1.000000e+25 & 1.000000e+25 & 
1948102906 139.250000 21.860001 1.000000e+25 & 1.000000e+25 & 
1948102912 138.699997 22.799999 1.000000e+25 & 1.000000e+25 & 
1948102918 138.380005 23.660000 1.000000e+25 & 1.000000e+25 & 
1948103000 138.399994 24.700001 1.000000e+25 & 1.000000e+25 & 
1948103006 139.050003 26.959999 1.000000e+25 & 1.000000e+25 & 
1948103012 140.600006 29.200001 1.000000e+25 & 1.000000e+25 & 
1948103018 142.309998 30.920000 1.000000e+25 & 1.000000e+25 & 
1948103100 144.300003 32.400002 1.000000e+25 & 1.000000e+25 & 
1948103106 148.500000 35.000000 1.000000e+25 & 1.000000e+25 & 
1948103112 152.500000 38.000000 1.000000e+25 & 1.000000e+25 & 
1948103118 157.000000 41.000000 1.000000e+25 & 1.000000e+25 & 
TRACK_ID  52 START_TIME 1948102818
POINT_NUM  22
1948102818 91.000000 8.500000 1.000000e+25 & 1.000000e+25 & 
1948102900 90.900002 8.800000 1.000000e+25 & 1.000000e+25 & 
1948102906 90.889999 9.100000 1.000000e+25 & 1.000000e+25 & 
1948102912 90.779999 9.420000 1.000000e+25 & 1.000000e+25 & 
1948102918 90.690002 9.700000 1.000000e+25 & 1.000000e+25 & 
1948103000 90.510002 9.910000 1.000000e+25 & 1.000000e+25 & 
1948103006 90.199997 10.380000 1.000000e+25 & 1.000000e+25 & 
1948103012 89.699997 10.900000 1.000000e+25 & 1.000000e+25 & 
1948103018 89.110001 11.420000 1.000000e+25 & 1.000000e+25 & 
1948103100 88.599998 11.910000 1.000000e+25 & 1.000000e+25 & 
1948103106 87.989998 12.490000 1.000000e+25 & 1.000000e+25 & 
1948103112 87.220001 13.090000 1.000000e+25 & 1.000000e+25 & 
1948103118 86.599998 13.710000 1.000000e+25 & 1.000000e+25 & 
1948110100 86.010002 14.400000 1.000000e+25 & 1.000000e+25 & 
1948110106 85.320000 14.990000 1.000000e+25 & 1.000000e+25 & 
1948110112 84.500000 15.490000 1.000000e+25 & 1.000000e+25 & 
1948110118 83.379997 15.990000 1.000000e+25 & 1.000000e+25 & 
1948110200 81.919998 16.480000 1.000000e+25 & 1.000000e+25 & 
1948110206 81.139999 16.629999 1.000000e+25 & 1.000000e+25 & 
1948110212 80.660004 16.700001 1.000000e+25 & 1.000000e+25 & 
1948110218 80.190002 16.700001 1.000000e+25 & 1.000000e+25 & 
1948110300 79.690002 16.780001 1.000000e+25 & 1.000000e+25 & 
TRACK_ID  54 START_TIME 1948110112
POINT_NUM  39
1948110112 146.500000 12.500000 1.000000e+25 & 1.000000e+25 & 
1948110118 145.270004 12.500000 1.000000e+25 & 1.000000e+25 & 
1948110200 144.199997 12.500000 1.000000e+25 & 1.000000e+25 & 
1948110206 143.380005 12.500000 1.000000e+25 & 1.000000e+25 & 
1948110212 142.600006 12.600000 1.000000e+25 & 1.000000e+25 & 
1948110218 141.559998 12.860000 1.000000e+25 & 1.000000e+25 & 
1948110300 140.500000 13.200000 1.000000e+25 & 1.000000e+25 & 
1948110306 139.559998 13.520000 1.000000e+25 & 1.000000e+25 & 
1948110312 138.699997 13.900000 1.000000e+25 & 1.000000e+25 & 
1948110318 137.889999 14.370000 1.000000e+25 & 1.000000e+25 & 
1948110400 137.100006 14.900000 1.000000e+25 & 1.000000e+25 & 
1948110406 136.460007 15.610000 1.000000e+25 & 1.000000e+25 & 
1948110412 134.990005 16.139999 1.000000e+25 & 1.000000e+25 & 
1948110418 133.429993 16.620001 1.000000e+25 & 1.000000e+25 & 
1948110500 132.050003 17.230000 1.000000e+25 & 1.000000e+25 & 
1948110506 131.500000 17.600000 1.000000e+25 & 1.000000e+25 & 
1948110512 130.949997 17.820000 1.000000e+25 & 1.000000e+25 & 
1948110518 130.559998 18.170000 1.000000e+25 & 1.000000e+25 & 
1948110600 130.119995 18.350000 1.000000e+25 & 1.000000e+25 & 
1948110606 129.539993 18.549999 1.000000e+25 & 1.000000e+25 & 
1948110612 128.899994 18.730000 1.000000e+25 & 1.000000e+25 & 
1948110618 128.169998 18.830000 1.000000e+25 & 1.000000e+25 & 
1948110700 127.500000 18.930000 1.000000e+25 & 1.000000e+25 & 
1948110706 126.830002 18.950001 1.000000e+25 & 1.000000e+25 & 
1948110712 126.000000 18.980000 1.000000e+25 & 1.000000e+25 & 
1948110718 125.360001 19.030001 1.000000e+25 & 1.000000e+25 & 
1948110800 124.620003 19.070000 1.000000e+25 & 1.000000e+25 & 
1948110806 123.949997 19.090000 1.000000e+25 & 1.000000e+25 & 
1948110812 122.750000 19.180000 1.000000e+25 & 1.000000e+25 & 
1948110818 121.690002 19.360001 1.000000e+25 & 1.000000e+25 & 
1948110900 120.500000 19.549999 1.000000e+25 & 1.000000e+25 & 
1948110906 118.989998 19.820000 1.000000e+25 & 1.000000e+25 & 
1948110912 118.099998 20.020000 1.000000e+25 & 1.000000e+25 & 
1948110918 117.339996 20.309999 1.000000e+25 & 1.000000e+25 & 
1948111000 116.589996 20.469999 1.000000e+25 & 1.000000e+25 & 
1948111006 115.769997 20.500000 1.000000e+25 & 1.000000e+25 & 
1948111012 114.800003 20.230000 1.000000e+25 & 1.000000e+25 & 
1948111018 113.120003 19.969999 1.000000e+25 & 1.000000e+25 & 
1948111100 111.470001 19.299999 1.000000e+25 & 1.000000e+25 & 
TRACK_ID  56 START_TIME 1948111300
POINT_NUM  31
1948111300 152.000000 11.000000 1.000000e+25 & 1.000000e+25 & 
1948111306 150.809998 11.610000 1.000000e+25 & 1.000000e+25 & 
1948111312 149.699997 12.300000 1.000000e+25 & 1.000000e+25 & 
1948111318 148.429993 12.910000 1.000000e+25 & 1.000000e+25 & 
1948111400 147.199997 13.500000 1.000000e+25 & 1.000000e+25 & 
1948111406 145.539993 14.080000 1.000000e+25 & 1.000000e+25 & 
1948111412 144.000000 14.500000 1.000000e+25 & 1.000000e+25 & 
1948111418 142.320007 14.980000 1.000000e+25 & 1.000000e+25 & 
1948111500 140.800003 15.400000 1.000000e+25 & 1.000000e+25 & 
1948111506 139.389999 15.900000 1.000000e+25 & 1.000000e+25 & 
1948111512 138.000000 16.600000 1.000000e+25 & 1.000000e+25 & 
1948111518 136.500000 17.520000 1.000000e+25 & 1.000000e+25 & 
1948111600 135.199997 18.600000 1.000000e+25 & 1.000000e+25 & 
1948111606 134.139999 19.620001 1.000000e+25 & 1.000000e+25 & 
1948111612 133.600006 20.000000 1.000000e+25 & 1.000000e+25 & 
1948111618 133.020004 20.430000 1.000000e+25 & 1.000000e+25 & 
1948111700 132.600006 21.100000 1.000000e+25 & 1.000000e+25 & 
1948111706 131.899994 22.070000 1.000000e+25 & 1.000000e+25 & 
1948111712 131.199997 23.100000 1.000000e+25 & 1.000000e+25 & 
1948111718 130.679993 24.400000 1.000000e+25 & 1.000000e+25 & 
1948111800 130.500000 25.900000 1.000000e+25 & 1.000000e+25 & 
1948111806 130.990005 27.520000 1.000000e+25 & 1.000000e+25 & 
1948111812 132.000000 29.299999 1.000000e+25 & 1.000000e+25 & 
1948111818 133.410004 30.770000 1.000000e+25 & 1.000000e+25 & 
1948111900 135.000000 32.099998 1.000000e+25 & 1.000000e+25 & 
1948111906 138.059998 34.029999 1.000000e+25 & 1.000000e+25 & 
1948111912 141.500000 35.500000 1.000000e+25 & 1.000000e+25 & 
1948111918 147.500000 35.200001 1.000000e+25 & 1.000000e+25 & 
1948112000 152.000000 35.000000 1.000000e+25 & 1.000000e+25 & 
1948112006 157.000000 35.200001 1.000000e+25 & 1.000000e+25 & 
1948112012 163.000000 34.900002 1.000000e+25 & 1.000000e+25 & 
TRACK_ID  57 START_TIME 1948111718
POINT_NUM  22
1948111718 70.699997 10.400000 1.000000e+25 & 1.000000e+25 & 
1948111800 70.599998 10.500000 1.000000e+25 & 1.000000e+25 & 
1948111806 69.690002 11.300000 1.000000e+25 & 1.000000e+25 & 
1948111812 68.519997 12.390000 1.000000e+25 & 1.000000e+25 & 
1948111818 67.470001 13.710000 1.000000e+25 & 1.000000e+25 & 
1948111900 66.410004 15.270000 1.000000e+25 & 1.000000e+25 & 
1948111906 65.989998 16.129999 1.000000e+25 & 1.000000e+25 & 
1948111912 66.089996 16.629999 1.000000e+25 & 1.000000e+25 & 
1948111918 66.279999 17.190001 1.000000e+25 & 1.000000e+25 & 
1948112000 66.480003 17.690001 1.000000e+25 & 1.000000e+25 & 
1948112006 66.809998 18.110001 1.000000e+25 & 1.000000e+25 & 
1948112012 67.410004 18.510000 1.000000e+25 & 1.000000e+25 & 
1948112018 68.199997 18.889999 1.000000e+25 & 1.000000e+25 & 
1948112100 69.080002 19.100000 1.000000e+25 & 1.000000e+25 & 
1948112106 69.910004 19.290001 1.000000e+25 & 1.000000e+25 & 
1948112112 70.800003 19.389999 1.000000e+25 & 1.000000e+25 & 
1948112118 71.580002 19.410000 1.000000e+25 & 1.000000e+25 & 
1948112200 72.190002 19.490000 1.000000e+25 & 1.000000e+25 & 
1948112206 72.809998 19.510000 1.000000e+25 & 1.000000e+25 & 
1948112212 73.519997 19.620001 1.000000e+25 & 1.000000e+25 & 
1948112218 74.220001 19.719999 1.000000e+25 & 1.000000e+25 & 
1948112300 74.930000 19.830000 1.000000e+25 & 1.000000e+25 & 
TRACK_ID  55 START_TIME 1948110818
POINT_NUM  11
1948110818 294.000000 25.799999 1.000000e+25 & 2.315000e+01 & 
1948110900 292.200012 26.200001 9.960000e+02 & 2.572000e+01 & 
1948110906 290.500000 26.600000 1.000000e+25 & 2.572000e+01 & 
1948110912 288.799988 27.100000 1.000000e+25 & 2.829000e+01 & 
1948110918 287.200012 27.799999 9.940000e+02 & 3.087000e+01 & 
1948111000 286.100006 28.900000 9.900000e+02 & 3.344000e+01 & 
1948111006 285.600006 30.100000 1.000000e+25 & 3.344000e+01 & 
1948111012 285.200012 31.400000 1.000000e+25 & 3.344000e+01 & 
1948111018 285.000000 33.599998 1.000000e+25 & 3.087000e+01 & 
1948111100 286.100006 35.700001 9.940000e+02 & 2.829000e+01 & 
1948111106 287.500000 36.799999 1.000000e+25 & 2.058000e+01 & 
TRACK_ID  58 START_TIME 1948112900
POINT_NUM  16
1948112900 128.000000 9.200000 1.000000e+25 & 1.000000e+25 & 
1948112906 126.279999 9.330000 1.000000e+25 & 1.000000e+25 & 
1948112912 124.500000 9.500000 1.000000e+25 & 1.000000e+25 & 
1948112918 122.879997 9.390000 1.000000e+25 & 1.000000e+25 & 
1948113000 121.099998 9.300000 1.000000e+25 & 1.000000e+25 & 
1948113006 119.309998 9.690000 1.000000e+25 & 1.000000e+25 & 
1948113012 117.599998 10.200000 1.000000e+25 & 1.000000e+25 & 
1948113018 115.779999 10.720000 1.000000e+25 & 1.000000e+25 & 
1948120100 114.099998 11.300000 1.000000e+25 & 1.000000e+25 & 
1948120106 113.169998 11.610000 1.000000e+25 & 1.000000e+25 & 
1948120112 112.300003 11.900000 1.000000e+25 & 1.000000e+25 & 
1948120118 111.379997 12.100000 1.000000e+25 & 1.000000e+25 & 
1948120200 110.599998 12.500000 1.000000e+25 & 1.000000e+25 & 
1948120206 110.220001 13.650000 1.000000e+25 & 1.000000e+25 & 
1948120212 110.300003 14.700000 1.000000e+25 & 1.000000e+25 & 
1948120218 110.800003 15.400000 1.000000e+25 & 1.000000e+25 & 
TRACK_ID  59 START_TIME 1948120206
POINT_NUM  33
1948120206 148.899994 8.900000 1.000000e+25 & 1.000000e+25 & 
1948120212 147.399994 9.300000 1.000000e+25 & 1.000000e+25 & 
1948120218 146.300003 9.700000 1.000000e+25 & 1.000000e+25 & 
1948120300 145.000000 10.600000 1.000000e+25 & 1.000000e+25 & 
1948120306 143.809998 11.300000 1.000000e+25 & 1.000000e+25 & 
1948120312 142.800003 11.800000 1.000000e+25 & 1.000000e+25 & 
1948120318 141.899994 12.200000 1.000000e+25 & 1.000000e+25 & 
1948120400 141.100006 12.500000 1.000000e+25 & 1.000000e+25 & 
1948120406 140.300003 12.880000 1.000000e+25 & 1.000000e+25 & 
1948120412 139.600006 13.100000 1.000000e+25 & 1.000000e+25 & 
1948120418 139.110001 13.200000 1.000000e+25 & 1.000000e+25 & 
1948120500 138.600006 13.300000 1.000000e+25 & 1.000000e+25 & 
1948120506 137.789993 13.420000 1.000000e+25 & 1.000000e+25 & 
1948120512 136.600006 13.700000 1.000000e+25 & 1.000000e+25 & 
1948120518 135.199997 13.990000 1.000000e+25 & 1.000000e+25 & 
1948120600 133.699997 14.200000 1.000000e+25 & 1.000000e+25 & 
1948120606 132.330002 14.410000 1.000000e+25 & 1.000000e+25 & 
1948120612 131.199997 14.700000 1.000000e+25 & 1.000000e+25 & 
1948120618 129.910004 14.900000 1.000000e+25 & 1.000000e+25 & 
1948120700 128.699997 15.100000 1.000000e+25 & 1.000000e+25 & 
1948120706 127.400002 15.400000 1.000000e+25 & 1.000000e+25 & 
1948120712 126.099998 15.700000 1.000000e+25 & 1.000000e+25 & 
1948120718 124.900002 16.000000 1.000000e+25 & 1.000000e+25 & 
1948120800 123.800003 16.299999 1.000000e+25 & 1.000000e+25 & 
1948120806 122.949997 16.510000 1.000000e+25 & 1.000000e+25 & 
1948120812 121.900002 16.799999 1.000000e+25 & 1.000000e+25 & 
1948120818 120.839996 17.010000 1.000000e+25 & 1.000000e+25 & 
1948120900 120.099998 17.299999 1.000000e+25 & 1.000000e+25 & 
1948120906 119.400002 17.600000 1.000000e+25 & 1.000000e+25 & 
1948120912 118.900002 17.900000 1.000000e+25 & 1.000000e+25 & 
1948120918 118.500000 18.280001 1.000000e+25 & 1.000000e+25 & 
1948121000 118.199997 18.500000 1.000000e+25 & 1.000000e+25 & 
1948121006 117.900002 18.700001 1.000000e+25 & 1.000000e+25 & 
TRACK_ID  60 START_TIME 1948121206
POINT_NUM  16
1948121206 135.699997 8.000000 1.000000e+25 & 1.000000e+25 & 
1948121212 134.399994 8.000000 1.000000e+25 & 1.000000e+25 & 
1948121218 133.080002 8.110000 1.000000e+25 & 1.000000e+25 & 
1948121300 131.600006 8.300000 1.000000e+25 & 1.000000e+25 & 
1948121306 130.220001 8.500000 1.000000e+25 & 1.000000e+25 & 
1948121312 129.000000 8.800000 1.000000e+25 & 1.000000e+25 & 
1948121318 127.779999 9.270000 1.000000e+25 & 1.000000e+25 & 
1948121400 126.500000 9.700000 1.000000e+25 & 1.000000e+25 & 
1948121406 125.230003 10.310000 1.000000e+25 & 1.000000e+25 & 
1948121412 124.099998 11.100000 1.000000e+25 & 1.000000e+25 & 
1948121418 122.919998 12.010000 1.000000e+25 & 1.000000e+25 & 
1948121500 121.300003 12.800000 1.000000e+25 & 1.000000e+25 & 
1948121506 120.180000 13.030000 1.000000e+25 & 1.000000e+25 & 
1948121512 119.000000 13.200000 1.000000e+25 & 1.000000e+25 & 
1948121518 117.889999 13.210000 1.000000e+25 & 1.000000e+25 & 
1948121600 116.699997 13.300000 1.000000e+25 & 1.000000e+25 & 
