0
0 0
TRACK_NUM        47 ADD_FLD    1   1 &0
TRACK_ID  1 START_TIME 1944010712
POINT_NUM  39
1944010712 147.000000 6.800000 1.000000e+25 & 1.000000e+25 & 
1944010718 145.470001 6.420000 1.000000e+25 & 1.000000e+25 & 
1944010800 144.199997 6.100000 1.000000e+25 & 1.000000e+25 & 
1944010806 143.350006 5.890000 1.000000e+25 & 1.000000e+25 & 
1944010812 142.699997 5.800000 1.000000e+25 & 1.000000e+25 & 
1944010818 141.970001 5.790000 1.000000e+25 & 1.000000e+25 & 
1944010900 141.199997 5.900000 1.000000e+25 & 1.000000e+25 & 
1944010906 140.309998 6.110000 1.000000e+25 & 1.000000e+25 & 
1944010912 139.399994 6.400000 1.000000e+25 & 1.000000e+25 & 
1944010918 138.600006 6.700000 1.000000e+25 & 1.000000e+25 & 
1944011000 137.800003 7.100000 1.000000e+25 & 1.000000e+25 & 
1944011006 136.929993 7.660000 1.000000e+25 & 1.000000e+25 & 
1944011012 136.000000 8.300000 1.000000e+25 & 1.000000e+25 & 
1944011018 134.970001 8.980000 1.000000e+25 & 1.000000e+25 & 
1944011100 134.000000 9.500000 1.000000e+25 & 1.000000e+25 & 
1944011106 133.220001 9.690000 1.000000e+25 & 1.000000e+25 & 
1944011112 132.600006 9.600000 1.000000e+25 & 1.000000e+25 & 
1944011118 132.059998 9.320000 1.000000e+25 & 1.000000e+25 & 
1944011200 131.600006 8.900000 1.000000e+25 & 1.000000e+25 & 
1944011206 131.139999 8.500000 1.000000e+25 & 1.000000e+25 & 
1944011212 130.699997 8.100000 1.000000e+25 & 1.000000e+25 & 
1944011218 130.259995 7.730000 1.000000e+25 & 1.000000e+25 & 
1944011300 129.800003 7.400000 1.000000e+25 & 1.000000e+25 & 
1944011306 129.339996 7.100000 1.000000e+25 & 1.000000e+25 & 
1944011312 128.800003 6.800000 1.000000e+25 & 1.000000e+25 & 
1944011318 128.149994 6.400000 1.000000e+25 & 1.000000e+25 & 
1944011400 127.400002 6.100000 1.000000e+25 & 1.000000e+25 & 
1944011406 126.610001 6.050000 1.000000e+25 & 1.000000e+25 & 
1944011412 125.800003 6.200000 1.000000e+25 & 1.000000e+25 & 
1944011418 125.019997 6.440000 1.000000e+25 & 1.000000e+25 & 
1944011500 124.199997 6.800000 1.000000e+25 & 1.000000e+25 & 
1944011506 123.400002 7.250000 1.000000e+25 & 1.000000e+25 & 
1944011512 122.400002 7.700000 1.000000e+25 & 1.000000e+25 & 
1944011518 120.910004 8.110000 1.000000e+25 & 1.000000e+25 & 
1944011600 119.500000 8.300000 1.000000e+25 & 1.000000e+25 & 
1944011606 118.800003 8.130000 1.000000e+25 & 1.000000e+25 & 
1944011612 118.300003 7.800000 1.000000e+25 & 1.000000e+25 & 
1944011618 117.580002 7.520000 1.000000e+25 & 1.000000e+25 & 
1944011700 116.699997 7.300000 1.000000e+25 & 1.000000e+25 & 
TRACK_ID  3 START_TIME 1944022900
POINT_NUM  21
1944022900 84.900002 4.400000 1.000000e+25 & 1.000000e+25 & 
1944022906 84.820000 4.880000 1.000000e+25 & 1.000000e+25 & 
1944022912 84.730003 5.460000 1.000000e+25 & 1.000000e+25 & 
1944022918 84.559998 5.990000 1.000000e+25 & 1.000000e+25 & 
1944030100 84.440002 6.490000 1.000000e+25 & 1.000000e+25 & 
1944030106 84.320000 6.910000 1.000000e+25 & 1.000000e+25 & 
1944030112 84.220001 7.300000 1.000000e+25 & 1.000000e+25 & 
1944030118 84.129997 7.690000 1.000000e+25 & 1.000000e+25 & 
1944030200 84.029999 8.080000 1.000000e+25 & 1.000000e+25 & 
1944030206 83.860001 8.700000 1.000000e+25 & 1.000000e+25 & 
1944030212 83.660004 9.330000 1.000000e+25 & 1.000000e+25 & 
1944030218 83.449997 9.950000 1.000000e+25 & 1.000000e+25 & 
1944030300 83.180000 10.480000 1.000000e+25 & 1.000000e+25 & 
1944030306 82.800003 10.920000 1.000000e+25 & 1.000000e+25 & 
1944030312 82.320000 11.320000 1.000000e+25 & 1.000000e+25 & 
1944030318 81.910004 11.620000 1.000000e+25 & 1.000000e+25 & 
1944030400 81.529999 11.840000 1.000000e+25 & 1.000000e+25 & 
1944030406 80.830002 12.120000 1.000000e+25 & 1.000000e+25 & 
1944030412 80.019997 12.430000 1.000000e+25 & 1.000000e+25 & 
1944030418 79.160004 12.710000 1.000000e+25 & 1.000000e+25 & 
1944030500 78.300003 12.920000 1.000000e+25 & 1.000000e+25 & 
TRACK_ID  4 START_TIME 1944051212
POINT_NUM  15
1944051212 141.800003 15.600000 1.000000e+25 & 1.000000e+25 & 
1944051218 141.119995 16.070000 1.000000e+25 & 1.000000e+25 & 
1944051300 140.399994 16.700001 1.000000e+25 & 1.000000e+25 & 
1944051306 139.639999 17.590000 1.000000e+25 & 1.000000e+25 & 
1944051312 138.899994 18.600000 1.000000e+25 & 1.000000e+25 & 
1944051318 138.210007 19.530001 1.000000e+25 & 1.000000e+25 & 
1944051400 137.600006 20.500000 1.000000e+25 & 1.000000e+25 & 
1944051406 137.000000 21.540001 1.000000e+25 & 1.000000e+25 & 
1944051412 136.600006 22.600000 1.000000e+25 & 1.000000e+25 & 
1944051418 136.520004 23.639999 1.000000e+25 & 1.000000e+25 & 
1944051500 136.699997 24.700001 1.000000e+25 & 1.000000e+25 & 
1944051506 136.970001 25.820000 1.000000e+25 & 1.000000e+25 & 
1944051512 137.399994 26.900000 1.000000e+25 & 1.000000e+25 & 
1944051518 137.960007 27.840000 1.000000e+25 & 1.000000e+25 & 
1944051600 138.600006 28.700001 1.000000e+25 & 1.000000e+25 & 
TRACK_ID  5 START_TIME 1944052000
POINT_NUM  5
1944052000 91.900002 14.800000 1.000000e+25 & 1.000000e+25 & 
1944052006 92.129997 15.280000 1.000000e+25 & 1.000000e+25 & 
1944052012 92.339996 15.850000 1.000000e+25 & 1.000000e+25 & 
1944052018 92.529999 16.360001 1.000000e+25 & 1.000000e+25 & 
1944052100 92.650002 16.830000 1.000000e+25 & 1.000000e+25 & 
TRACK_ID  6 START_TIME 1944061100
POINT_NUM  17
1944061100 139.100006 10.800000 1.000000e+25 & 1.000000e+25 & 
1944061106 138.539993 11.270000 1.000000e+25 & 1.000000e+25 & 
1944061112 138.000000 11.800000 1.000000e+25 & 1.000000e+25 & 
1944061118 137.470001 12.420000 1.000000e+25 & 1.000000e+25 & 
1944061200 136.899994 13.100000 1.000000e+25 & 1.000000e+25 & 
1944061206 136.199997 13.800000 1.000000e+25 & 1.000000e+25 & 
1944061212 135.500000 14.500000 1.000000e+25 & 1.000000e+25 & 
1944061218 134.990005 15.120000 1.000000e+25 & 1.000000e+25 & 
1944061300 134.399994 15.800000 1.000000e+25 & 1.000000e+25 & 
1944061306 133.470001 16.620001 1.000000e+25 & 1.000000e+25 & 
1944061312 132.399994 17.600000 1.000000e+25 & 1.000000e+25 & 
1944061318 131.080002 18.639999 1.000000e+25 & 1.000000e+25 & 
1944061400 130.399994 20.000000 1.000000e+25 & 1.000000e+25 & 
1944061406 131.220001 21.959999 1.000000e+25 & 1.000000e+25 & 
1944061412 132.800003 24.000000 1.000000e+25 & 1.000000e+25 & 
1944061418 134.350006 25.639999 1.000000e+25 & 1.000000e+25 & 
1944061500 135.800003 27.000000 1.000000e+25 & 1.000000e+25 & 
TRACK_ID  8 START_TIME 1944061500
POINT_NUM  5
1944061500 90.800003 21.700001 1.000000e+25 & 1.000000e+25 & 
1944061506 91.129997 22.420000 1.000000e+25 & 1.000000e+25 & 
1944061512 91.589996 23.280001 1.000000e+25 & 1.000000e+25 & 
1944061518 92.070000 24.059999 1.000000e+25 & 1.000000e+25 & 
1944061600 92.620003 24.750000 1.000000e+25 & 1.000000e+25 & 
TRACK_ID  7 START_TIME 1944061400
POINT_NUM  13
1944061400 70.199997 16.799999 1.000000e+25 & 1.000000e+25 & 
1944061406 70.449997 17.520000 1.000000e+25 & 1.000000e+25 & 
1944061412 70.739998 18.379999 1.000000e+25 & 1.000000e+25 & 
1944061418 70.949997 19.219999 1.000000e+25 & 1.000000e+25 & 
1944061500 71.080002 20.020000 1.000000e+25 & 1.000000e+25 & 
1944061506 71.169998 20.610001 1.000000e+25 & 1.000000e+25 & 
1944061512 71.190002 21.180000 1.000000e+25 & 1.000000e+25 & 
1944061518 71.239998 21.600000 1.000000e+25 & 1.000000e+25 & 
1944061600 71.309998 21.980000 1.000000e+25 & 1.000000e+25 & 
1944061606 71.959999 22.670000 1.000000e+25 & 1.000000e+25 & 
1944061612 72.989998 23.340000 1.000000e+25 & 1.000000e+25 & 
1944061618 74.290001 23.850000 1.000000e+25 & 1.000000e+25 & 
1944061700 75.690002 24.040001 1.000000e+25 & 1.000000e+25 & 
TRACK_ID  13 START_TIME 1944071900
POINT_NUM  9
1944071900 87.199997 22.299999 1.000000e+25 & 1.000000e+25 & 
1944071906 86.470001 23.030001 1.000000e+25 & 1.000000e+25 & 
1944071912 85.529999 23.740000 1.000000e+25 & 1.000000e+25 & 
1944071918 84.680000 24.160000 1.000000e+25 & 1.000000e+25 & 
1944072000 83.949997 24.450001 1.000000e+25 & 1.000000e+25 & 
1944072006 83.529999 24.730000 1.000000e+25 & 1.000000e+25 & 
1944072012 83.169998 25.030001 1.000000e+25 & 1.000000e+25 & 
1944072018 82.879997 25.309999 1.000000e+25 & 1.000000e+25 & 
1944072100 82.529999 25.520000 1.000000e+25 & 1.000000e+25 & 
TRACK_ID  10 START_TIME 1944070900
POINT_NUM  29
1944070900 87.300003 18.700001 1.000000e+25 & 1.000000e+25 & 
1944070906 87.059998 18.700001 1.000000e+25 & 1.000000e+25 & 
1944070912 86.769997 18.780001 1.000000e+25 & 1.000000e+25 & 
1944070918 86.480003 18.940001 1.000000e+25 & 1.000000e+25 & 
1944071000 86.330002 19.070000 1.000000e+25 & 1.000000e+25 & 
1944071006 86.290001 19.110001 1.000000e+25 & 1.000000e+25 & 
1944071012 86.290001 19.110001 1.000000e+25 & 1.000000e+25 & 
1944071018 86.320000 19.080000 1.000000e+25 & 1.000000e+25 & 
1944071100 86.339996 19.070000 1.000000e+25 & 1.000000e+25 & 
1944071106 86.000000 19.320000 1.000000e+25 & 1.000000e+25 & 
1944071112 85.360001 19.770000 1.000000e+25 & 1.000000e+25 & 
1944071118 84.739998 20.290001 1.000000e+25 & 1.000000e+25 & 
1944071200 84.129997 20.870001 1.000000e+25 & 1.000000e+25 & 
1944071206 83.760002 21.240000 1.000000e+25 & 1.000000e+25 & 
1944071212 83.470001 21.530001 1.000000e+25 & 1.000000e+25 & 
1944071218 83.120003 21.840000 1.000000e+25 & 1.000000e+25 & 
1944071300 82.790001 22.219999 1.000000e+25 & 1.000000e+25 & 
1944071306 82.400002 22.459999 1.000000e+25 & 1.000000e+25 & 
1944071312 81.989998 22.580000 1.000000e+25 & 1.000000e+25 & 
1944071318 81.690002 22.610001 1.000000e+25 & 1.000000e+25 & 
1944071400 81.480003 22.680000 1.000000e+25 & 1.000000e+25 & 
1944071406 80.900002 22.850000 1.000000e+25 & 1.000000e+25 & 
1944071412 80.260002 23.129999 1.000000e+25 & 1.000000e+25 & 
1944071418 79.839996 23.360001 1.000000e+25 & 1.000000e+25 & 
1944071500 79.470001 23.559999 1.000000e+25 & 1.000000e+25 & 
1944071506 79.180000 23.680000 1.000000e+25 & 1.000000e+25 & 
1944071512 78.959999 23.780001 1.000000e+25 & 1.000000e+25 & 
1944071518 78.699997 23.879999 1.000000e+25 & 1.000000e+25 & 
1944071600 78.489998 24.040001 1.000000e+25 & 1.000000e+25 & 
TRACK_ID  9 START_TIME 1944070712
POINT_NUM  11
1944070712 114.199997 12.600000 1.000000e+25 & 1.000000e+25 & 
1944070718 113.599998 13.090000 1.000000e+25 & 1.000000e+25 & 
1944070800 112.900002 13.600000 1.000000e+25 & 1.000000e+25 & 
1944070806 112.059998 14.170000 1.000000e+25 & 1.000000e+25 & 
1944070812 111.199997 14.800000 1.000000e+25 & 1.000000e+25 & 
1944070818 110.449997 15.490000 1.000000e+25 & 1.000000e+25 & 
1944070900 109.800003 16.200001 1.000000e+25 & 1.000000e+25 & 
1944070906 109.209999 16.850000 1.000000e+25 & 1.000000e+25 & 
1944070912 108.699997 17.500000 1.000000e+25 & 1.000000e+25 & 
1944070918 108.239998 18.190001 1.000000e+25 & 1.000000e+25 & 
1944071000 107.800003 18.900000 1.000000e+25 & 1.000000e+25 & 
TRACK_ID  12 START_TIME 1944071512
POINT_NUM  23
1944071512 129.500000 13.700000 1.000000e+25 & 1.000000e+25 & 
1944071518 129.009995 14.080000 1.000000e+25 & 1.000000e+25 & 
1944071600 128.500000 14.500000 1.000000e+25 & 1.000000e+25 & 
1944071606 127.949997 15.000000 1.000000e+25 & 1.000000e+25 & 
1944071612 127.300003 15.500000 1.000000e+25 & 1.000000e+25 & 
1944071618 126.500000 15.950000 1.000000e+25 & 1.000000e+25 & 
1944071700 125.599998 16.299999 1.000000e+25 & 1.000000e+25 & 
1944071706 124.709999 16.549999 1.000000e+25 & 1.000000e+25 & 
1944071712 123.800003 16.700001 1.000000e+25 & 1.000000e+25 & 
1944071718 122.879997 16.780001 1.000000e+25 & 1.000000e+25 & 
1944071800 122.000000 16.799999 1.000000e+25 & 1.000000e+25 & 
1944071806 121.209999 16.799999 1.000000e+25 & 1.000000e+25 & 
1944071812 120.500000 16.799999 1.000000e+25 & 1.000000e+25 & 
1944071818 119.889999 16.830000 1.000000e+25 & 1.000000e+25 & 
1944071900 119.199997 16.900000 1.000000e+25 & 1.000000e+25 & 
1944071906 118.239998 17.010000 1.000000e+25 & 1.000000e+25 & 
1944071912 117.199997 17.200001 1.000000e+25 & 1.000000e+25 & 
1944071918 116.220001 17.430000 1.000000e+25 & 1.000000e+25 & 
1944072000 115.400002 17.799999 1.000000e+25 & 1.000000e+25 & 
1944072006 114.809998 18.350000 1.000000e+25 & 1.000000e+25 & 
1944072012 114.400002 19.000000 1.000000e+25 & 1.000000e+25 & 
1944072018 114.080002 19.660000 1.000000e+25 & 1.000000e+25 & 
1944072100 113.800003 20.299999 1.000000e+25 & 1.000000e+25 & 
TRACK_ID  11 START_TIME 1944071306
POINT_NUM  28
1944071306 291.399994 19.600000 1.000000e+25 & 1.543000e+01 & 
1944071312 290.500000 20.700001 1.000000e+25 & 1.543000e+01 & 
1944071318 289.600006 21.500000 1.000000e+25 & 1.543000e+01 & 
1944071400 288.799988 22.299999 1.000000e+25 & 1.801000e+01 & 
1944071406 288.000000 23.100000 1.000000e+25 & 1.801000e+01 & 
1944071412 287.200012 24.000000 1.000000e+25 & 1.801000e+01 & 
1944071418 286.500000 25.100000 1.000000e+25 & 2.058000e+01 & 
1944071500 285.899994 26.200001 1.000000e+25 & 2.315000e+01 & 
1944071506 285.399994 27.400000 1.000000e+25 & 2.572000e+01 & 
1944071512 285.000000 28.500000 1.000000e+25 & 2.829000e+01 & 
1944071518 284.700012 29.400000 1.000000e+25 & 2.829000e+01 & 
1944071600 284.500000 30.200001 1.000000e+25 & 3.087000e+01 & 
1944071606 284.399994 30.900000 1.000000e+25 & 3.344000e+01 & 
1944071612 284.500000 31.400000 1.000000e+25 & 3.344000e+01 & 
1944071618 284.799988 31.799999 1.000000e+25 & 3.344000e+01 & 
1944071700 285.200012 32.200001 1.000000e+25 & 3.601000e+01 & 
1944071706 285.700012 32.500000 1.000000e+25 & 3.601000e+01 & 
1944071712 286.500000 32.799999 1.000000e+25 & 3.601000e+01 & 
1944071718 287.399994 33.099998 1.000000e+25 & 3.601000e+01 & 
1944071800 288.399994 33.299999 1.000000e+25 & 3.344000e+01 & 
1944071806 289.399994 33.599998 1.000000e+25 & 3.344000e+01 & 
1944071812 290.500000 34.000000 1.000000e+25 & 3.344000e+01 & 
1944071818 292.000000 35.000000 1.000000e+25 & 3.087000e+01 & 
1944071900 294.500000 36.500000 1.000000e+25 & 3.087000e+01 & 
1944071906 297.799988 38.200001 1.000000e+25 & 3.087000e+01 & 
1944071912 301.799988 40.200001 1.000000e+25 & 3.087000e+01 & 
1944071918 306.000000 42.200001 1.000000e+25 & 2.572000e+01 & 
1944072000 310.200012 44.200001 1.000000e+25 & 2.315000e+01 & 
TRACK_ID  17 START_TIME 1944072812
POINT_NUM  34
1944072812 132.740005 17.309999 1.000000e+25 & 1.000000e+25 & 
1944072818 131.339996 21.680000 1.000000e+25 & 1.000000e+25 & 
1944072900 130.429993 24.120001 1.000000e+25 & 1.000000e+25 & 
1944072906 130.039993 24.900000 1.000000e+25 & 1.000000e+25 & 
1944072912 129.660004 25.920000 1.000000e+25 & 1.000000e+25 & 
1944072918 129.199997 27.400000 1.000000e+25 & 1.000000e+25 & 
1944073000 128.880005 28.389999 1.000000e+25 & 1.000000e+25 & 
1944073006 128.669998 28.840000 1.000000e+25 & 1.000000e+25 & 
1944073012 128.190002 29.219999 1.000000e+25 & 1.000000e+25 & 
1944073018 127.449997 29.580000 1.000000e+25 & 1.000000e+25 & 
1944073100 126.849998 29.770000 1.000000e+25 & 1.000000e+25 & 
1944073106 126.430000 29.799999 1.000000e+25 & 1.000000e+25 & 
1944073112 125.900002 29.790001 1.000000e+25 & 1.000000e+25 & 
1944073118 125.279999 29.809999 1.000000e+25 & 1.000000e+25 & 
1944080100 124.769997 30.059999 1.000000e+25 & 1.000000e+25 & 
1944080106 124.419998 30.580000 1.000000e+25 & 1.000000e+25 & 
1944080112 124.209999 31.219999 1.000000e+25 & 1.000000e+25 & 
1944080118 124.129997 31.980000 1.000000e+25 & 1.000000e+25 & 
1944080200 124.019997 32.840000 1.000000e+25 & 1.000000e+25 & 
1944080206 123.889999 33.790001 1.000000e+25 & 1.000000e+25 & 
1944080212 123.870003 34.730000 1.000000e+25 & 1.000000e+25 & 
1944080218 124.139999 35.720001 1.000000e+25 & 1.000000e+25 & 
1944080300 125.440002 37.259998 1.000000e+25 & 1.000000e+25 & 
1944080306 127.779999 39.349998 1.000000e+25 & 1.000000e+25 & 
1944080312 129.899994 41.799999 1.000000e+25 & 1.000000e+25 & 
1944080318 131.740005 44.349998 1.000000e+25 & 1.000000e+25 & 
1944080400 134.360001 45.770000 1.000000e+25 & 1.000000e+25 & 
1944080406 137.720001 46.000000 1.000000e+25 & 1.000000e+25 & 
1944080412 141.360001 46.220001 1.000000e+25 & 1.000000e+25 & 
1944080418 145.070007 46.549999 1.000000e+25 & 1.000000e+25 & 
1944080500 148.009995 46.389999 1.000000e+25 & 1.000000e+25 & 
1944080506 150.070007 45.910000 1.000000e+25 & 1.000000e+25 & 
1944080512 151.970001 46.180000 1.000000e+25 & 1.000000e+25 & 
1944080518 154.070007 47.360001 1.000000e+25 & 1.000000e+25 & 
TRACK_ID  15 START_TIME 1944072300
POINT_NUM  17
1944072300 91.000000 20.900000 1.000000e+25 & 1.000000e+25 & 
1944072306 91.239998 20.490000 1.000000e+25 & 1.000000e+25 & 
1944072312 91.250000 20.010000 1.000000e+25 & 1.000000e+25 & 
1944072318 90.730003 19.600000 1.000000e+25 & 1.000000e+25 & 
1944072400 89.930000 19.490000 1.000000e+25 & 1.000000e+25 & 
1944072406 89.050003 19.820000 1.000000e+25 & 1.000000e+25 & 
1944072412 88.220001 20.340000 1.000000e+25 & 1.000000e+25 & 
1944072418 87.400002 21.010000 1.000000e+25 & 1.000000e+25 & 
1944072500 86.529999 21.650000 1.000000e+25 & 1.000000e+25 & 
1944072506 85.489998 22.180000 1.000000e+25 & 1.000000e+25 & 
1944072512 84.309998 22.610001 1.000000e+25 & 1.000000e+25 & 
1944072518 83.080002 22.930000 1.000000e+25 & 1.000000e+25 & 
1944072600 81.739998 23.150000 1.000000e+25 & 1.000000e+25 & 
1944072606 79.419998 23.350000 1.000000e+25 & 1.000000e+25 & 
1944072612 76.699997 23.540001 1.000000e+25 & 1.000000e+25 & 
1944072618 74.230003 23.870001 1.000000e+25 & 1.000000e+25 & 
1944072700 71.959999 24.330000 1.000000e+25 & 1.000000e+25 & 
TRACK_ID  16 START_TIME 1944072406
POINT_NUM  15
1944072406 303.399994 13.400000 1.000000e+25 & 1.801000e+01 & 
1944072412 301.600006 13.700000 1.000000e+25 & 2.058000e+01 & 
1944072418 299.600006 14.000000 1.000000e+25 & 2.315000e+01 & 
1944072500 297.799988 14.300000 1.000000e+25 & 2.572000e+01 & 
1944072506 296.100006 14.700000 1.000000e+25 & 2.829000e+01 & 
1944072512 294.399994 15.100000 1.000000e+25 & 2.829000e+01 & 
1944072518 292.700012 15.600000 1.000000e+25 & 2.829000e+01 & 
1944072600 291.000000 16.100000 1.000000e+25 & 2.829000e+01 & 
1944072606 289.299988 16.400000 1.000000e+25 & 2.829000e+01 & 
1944072612 287.500000 16.600000 1.000000e+25 & 2.829000e+01 & 
1944072618 285.600006 16.600000 1.000000e+25 & 2.572000e+01 & 
1944072700 283.600006 16.600000 1.000000e+25 & 2.315000e+01 & 
1944072706 281.700012 16.799999 1.000000e+25 & 1.801000e+01 & 
1944072712 280.000000 17.000000 1.000000e+25 & 1.543000e+01 & 
1944072718 278.399994 17.200001 1.000000e+25 & 1.286000e+01 & 
TRACK_ID  18 START_TIME 1944072800
POINT_NUM  25
1944072800 89.500000 20.000000 1.000000e+25 & 1.000000e+25 & 
1944072806 89.489998 20.000000 1.000000e+25 & 1.000000e+25 & 
1944072812 89.489998 20.000000 1.000000e+25 & 1.000000e+25 & 
1944072818 89.519997 19.990000 1.000000e+25 & 1.000000e+25 & 
1944072900 89.540001 19.990000 1.000000e+25 & 1.000000e+25 & 
1944072906 89.199997 20.080000 1.000000e+25 & 1.000000e+25 & 
1944072912 88.629997 20.260000 1.000000e+25 & 1.000000e+25 & 
1944072918 88.339996 20.370001 1.000000e+25 & 1.000000e+25 & 
1944073000 88.089996 20.389999 1.000000e+25 & 1.000000e+25 & 
1944073006 87.500000 20.469999 1.000000e+25 & 1.000000e+25 & 
1944073012 86.709999 20.559999 1.000000e+25 & 1.000000e+25 & 
1944073018 85.930000 20.750000 1.000000e+25 & 1.000000e+25 & 
1944073100 85.150002 21.020000 1.000000e+25 & 1.000000e+25 & 
1944073106 83.870003 21.389999 1.000000e+25 & 1.000000e+25 & 
1944073112 82.370003 21.790001 1.000000e+25 & 1.000000e+25 & 
1944073118 81.129997 22.200001 1.000000e+25 & 1.000000e+25 & 
1944080100 80.040001 22.590000 1.000000e+25 & 1.000000e+25 & 
1944080106 78.150002 23.040001 1.000000e+25 & 1.000000e+25 & 
1944080112 75.989998 23.450001 1.000000e+25 & 1.000000e+25 & 
1944080118 74.629997 24.270000 1.000000e+25 & 1.000000e+25 & 
1944080200 73.570000 25.270000 1.000000e+25 & 1.000000e+25 & 
1944080206 72.129997 25.910000 1.000000e+25 & 1.000000e+25 & 
1944080212 70.440002 26.400000 1.000000e+25 & 1.000000e+25 & 
1944080218 68.769997 26.790001 1.000000e+25 & 1.000000e+25 & 
1944080300 67.080002 27.170000 1.000000e+25 & 1.000000e+25 & 
TRACK_ID  19 START_TIME 1944073012
POINT_NUM  20
1944073012 291.000000 21.500000 1.000000e+25 & 1.801000e+01 & 
1944073018 289.500000 22.500000 1.000000e+25 & 2.058000e+01 & 
1944073100 287.799988 23.400000 1.000000e+25 & 2.315000e+01 & 
1944073106 286.200012 24.299999 1.000000e+25 & 2.572000e+01 & 
1944073112 284.799988 26.200001 1.000000e+25 & 2.829000e+01 & 
1944073118 283.899994 27.200001 1.000000e+25 & 3.087000e+01 & 
1944080100 283.299988 28.200001 1.000000e+25 & 3.344000e+01 & 
1944080106 282.799988 29.299999 1.000000e+25 & 3.344000e+01 & 
1944080112 282.299988 30.500000 1.000000e+25 & 3.601000e+01 & 
1944080118 282.000000 32.000000 1.000000e+25 & 3.601000e+01 & 
1944080200 281.799988 34.099998 9.850000e+02 & 3.087000e+01 & 
1944080206 281.799988 35.700001 1.000000e+25 & 2.315000e+01 & 
1944080212 282.000000 36.900002 1.000000e+25 & 1.801000e+01 & 
1944080218 282.600006 37.799999 1.000000e+25 & 1.801000e+01 & 
1944080300 283.799988 38.500000 1.000000e+25 & 1.801000e+01 & 
1944080306 285.500000 39.200001 1.000000e+25 & 1.801000e+01 & 
1944080312 287.200012 39.799999 1.000000e+25 & 1.801000e+01 & 
1944080318 289.000000 40.299999 1.000000e+25 & 1.801000e+01 & 
1944080400 290.600006 40.799999 1.000000e+25 & 1.543000e+01 & 
1944080406 292.100006 41.299999 1.000000e+25 & 1.543000e+01 & 
TRACK_ID  23 START_TIME 1944081100
POINT_NUM  9
1944081100 78.400002 24.500000 1.000000e+25 & 1.000000e+25 & 
1944081106 77.809998 24.920000 1.000000e+25 & 1.000000e+25 & 
1944081112 77.040001 25.410000 1.000000e+25 & 1.000000e+25 & 
1944081118 76.650002 25.650000 1.000000e+25 & 1.000000e+25 & 
1944081200 76.300003 25.830000 1.000000e+25 & 1.000000e+25 & 
1944081206 75.629997 26.330000 1.000000e+25 & 1.000000e+25 & 
1944081212 74.820000 26.940001 1.000000e+25 & 1.000000e+25 & 
1944081218 74.070000 27.469999 1.000000e+25 & 1.000000e+25 & 
1944081300 73.339996 27.870001 1.000000e+25 & 1.000000e+25 & 
TRACK_ID  20 START_TIME 1944080212
POINT_NUM  26
1944080212 139.410004 21.809999 1.000000e+25 & 1.000000e+25 & 
1944080218 138.360001 23.650000 1.000000e+25 & 1.000000e+25 & 
1944080300 137.779999 24.990000 1.000000e+25 & 1.000000e+25 & 
1944080306 137.559998 25.770000 1.000000e+25 & 1.000000e+25 & 
1944080312 137.020004 26.139999 1.000000e+25 & 1.000000e+25 & 
1944080318 136.179993 26.260000 1.000000e+25 & 1.000000e+25 & 
1944080400 135.889999 26.730000 1.000000e+25 & 1.000000e+25 & 
1944080406 136.130005 27.590000 1.000000e+25 & 1.000000e+25 & 
1944080412 136.070007 28.290001 1.000000e+25 & 1.000000e+25 & 
1944080418 135.619995 28.809999 1.000000e+25 & 1.000000e+25 & 
1944080500 135.229996 29.459999 1.000000e+25 & 1.000000e+25 & 
1944080506 134.970001 30.270000 1.000000e+25 & 1.000000e+25 & 
1944080512 134.880005 31.150000 1.000000e+25 & 1.000000e+25 & 
1944080518 134.949997 32.029999 1.000000e+25 & 1.000000e+25 & 
1944080600 135.020004 32.680000 1.000000e+25 & 1.000000e+25 & 
1944080606 135.070007 33.099998 1.000000e+25 & 1.000000e+25 & 
1944080612 135.130005 33.520000 1.000000e+25 & 1.000000e+25 & 
1944080618 135.220001 34.000000 1.000000e+25 & 1.000000e+25 & 
1944080700 135.399994 34.660000 1.000000e+25 & 1.000000e+25 & 
1944080706 135.660004 35.480000 1.000000e+25 & 1.000000e+25 & 
1944080712 135.789993 36.160000 1.000000e+25 & 1.000000e+25 & 
1944080718 135.979996 36.810001 1.000000e+25 & 1.000000e+25 & 
1944080800 137.210007 38.349998 1.000000e+25 & 1.000000e+25 & 
1944080806 139.600006 40.730000 1.000000e+25 & 1.000000e+25 & 
1944080812 142.399994 42.930000 1.000000e+25 & 1.000000e+25 & 
1944080818 145.190002 44.639999 1.000000e+25 & 1.000000e+25 & 
TRACK_ID  21 START_TIME 1944080512
POINT_NUM  18
1944080512 127.139999 22.570000 1.000000e+25 & 1.000000e+25 & 
1944080518 127.309998 23.950001 1.000000e+25 & 1.000000e+25 & 
1944080600 127.190002 24.910000 1.000000e+25 & 1.000000e+25 & 
1944080606 126.800003 25.510000 1.000000e+25 & 1.000000e+25 & 
1944080612 126.410004 26.200001 1.000000e+25 & 1.000000e+25 & 
1944080618 126.120003 27.020000 1.000000e+25 & 1.000000e+25 & 
1944080700 126.220001 27.719999 1.000000e+25 & 1.000000e+25 & 
1944080706 126.669998 28.250000 1.000000e+25 & 1.000000e+25 & 
1944080712 126.940002 28.680000 1.000000e+25 & 1.000000e+25 & 
1944080718 127.050003 29.120001 1.000000e+25 & 1.000000e+25 & 
1944080800 127.820000 30.090000 1.000000e+25 & 1.000000e+25 & 
1944080806 129.279999 31.610001 1.000000e+25 & 1.000000e+25 & 
1944080812 130.729996 33.099998 1.000000e+25 & 1.000000e+25 & 
1944080818 132.149994 34.490002 1.000000e+25 & 1.000000e+25 & 
1944080900 134.380005 35.900002 1.000000e+25 & 1.000000e+25 & 
1944080906 137.440002 37.299999 1.000000e+25 & 1.000000e+25 & 
1944080912 140.460007 38.709999 1.000000e+25 & 1.000000e+25 & 
1944080918 143.179993 40.169998 1.000000e+25 & 1.000000e+25 & 
TRACK_ID  25 START_TIME 1944081618
POINT_NUM  32
1944081618 300.500000 12.100000 1.000000e+25 & 2.572000e+01 & 
1944081700 299.500000 12.100000 1.000000e+25 & 3.087000e+01 & 
1944081706 298.500000 12.300000 1.000000e+25 & 3.344000e+01 & 
1944081712 297.500000 12.700000 1.000000e+25 & 3.601000e+01 & 
1944081718 296.500000 13.300000 1.000000e+25 & 3.858000e+01 & 
1944081800 295.500000 14.000000 1.000000e+25 & 4.116000e+01 & 
1944081806 294.500000 14.700000 1.000000e+25 & 4.373000e+01 & 
1944081812 293.399994 15.200000 9.730000e+02 & 4.630000e+01 & 
1944081818 292.200012 15.500000 1.000000e+25 & 4.630000e+01 & 
1944081900 291.000000 15.700000 1.000000e+25 & 4.630000e+01 & 
1944081906 289.899994 15.800000 1.000000e+25 & 4.887000e+01 & 
1944081912 288.799988 15.900000 1.000000e+25 & 5.144000e+01 & 
1944081918 287.799988 16.200001 1.000000e+25 & 5.402000e+01 & 
1944082000 286.799988 16.700001 1.000000e+25 & 5.402000e+01 & 
1944082006 285.799988 17.400000 1.000000e+25 & 5.402000e+01 & 
1944082012 284.700012 17.900000 1.000000e+25 & 5.402000e+01 & 
1944082018 283.399994 18.299999 1.000000e+25 & 4.630000e+01 & 
1944082100 281.799988 18.600000 1.000000e+25 & 3.858000e+01 & 
1944082106 280.299988 18.799999 1.000000e+25 & 3.858000e+01 & 
1944082112 278.899994 19.000000 1.000000e+25 & 3.858000e+01 & 
1944082118 277.299988 19.200001 1.000000e+25 & 3.858000e+01 & 
1944082200 275.700012 19.400000 1.000000e+25 & 4.116000e+01 & 
1944082206 274.000000 19.700001 1.000000e+25 & 4.116000e+01 & 
1944082212 272.299988 20.000000 1.000000e+25 & 4.116000e+01 & 
1944082218 270.700012 20.200001 1.000000e+25 & 3.344000e+01 & 
1944082300 269.299988 20.400000 1.000000e+25 & 2.829000e+01 & 
1944082306 268.000000 20.600000 1.000000e+25 & 2.572000e+01 & 
1944082312 266.700012 20.700001 1.000000e+25 & 2.315000e+01 & 
1944082318 265.399994 20.799999 1.000000e+25 & 2.315000e+01 & 
1944082400 264.200012 20.700001 1.000000e+25 & 2.058000e+01 & 
1944082406 263.000000 20.600000 1.000000e+25 & 1.801000e+01 & 
1944082412 261.799988 20.500000 1.000000e+25 & 1.286000e+01 & 
TRACK_ID  28 START_TIME 1944081812
POINT_NUM  20
1944081812 275.000000 20.500000 1.000000e+25 & 1.286000e+01 & 
1944081818 274.399994 20.900000 1.000000e+25 & 1.286000e+01 & 
1944081900 273.799988 21.299999 1.000000e+25 & 1.543000e+01 & 
1944081906 273.200012 21.700001 1.000000e+25 & 1.543000e+01 & 
1944081912 272.500000 22.000000 1.000000e+25 & 1.543000e+01 & 
1944081918 271.700012 22.299999 1.000000e+25 & 1.801000e+01 & 
1944082000 270.799988 22.600000 1.000000e+25 & 1.801000e+01 & 
1944082006 269.899994 22.900000 1.000000e+25 & 2.058000e+01 & 
1944082012 269.000000 23.000000 1.000000e+25 & 2.058000e+01 & 
1944082018 268.100006 23.000000 1.000000e+25 & 2.315000e+01 & 
1944082100 267.200012 23.100000 1.000000e+25 & 2.572000e+01 & 
1944082106 266.299988 23.299999 1.000000e+25 & 2.572000e+01 & 
1944082112 265.500000 23.500000 1.000000e+25 & 2.572000e+01 & 
1944082118 264.799988 23.799999 1.000000e+25 & 2.572000e+01 & 
1944082200 264.200012 24.000000 1.000000e+25 & 2.572000e+01 & 
1944082206 263.600006 24.299999 1.000000e+25 & 2.572000e+01 & 
1944082212 262.899994 24.700001 1.000000e+25 & 2.315000e+01 & 
1944082218 262.200012 25.000000 1.000000e+25 & 2.315000e+01 & 
1944082300 261.299988 25.299999 1.000000e+25 & 1.801000e+01 & 
1944082306 260.200012 25.600000 1.000000e+25 & 1.286000e+01 & 
TRACK_ID  22 START_TIME 1944080912
POINT_NUM  23
1944080912 134.800003 9.900000 1.000000e+25 & 1.000000e+25 & 
1944080918 134.250000 10.570000 1.000000e+25 & 1.000000e+25 & 
1944081000 133.600006 11.300000 1.000000e+25 & 1.000000e+25 & 
1944081006 132.809998 12.150000 1.000000e+25 & 1.000000e+25 & 
1944081012 132.000000 13.100000 1.000000e+25 & 1.000000e+25 & 
1944081018 131.289993 14.130000 1.000000e+25 & 1.000000e+25 & 
1944081100 130.600006 15.200000 1.000000e+25 & 1.000000e+25 & 
1944081106 129.869995 16.209999 1.000000e+25 & 1.000000e+25 & 
1944081112 129.100006 17.200001 1.000000e+25 & 1.000000e+25 & 
1944081118 128.289993 18.209999 1.000000e+25 & 1.000000e+25 & 
1944081200 127.400002 19.200001 1.000000e+25 & 1.000000e+25 & 
1944081206 126.389999 20.190001 1.000000e+25 & 1.000000e+25 & 
1944081212 125.300003 21.100000 1.000000e+25 & 1.000000e+25 & 
1944081218 124.190002 21.889999 1.000000e+25 & 1.000000e+25 & 
1944081300 123.099998 22.600000 1.000000e+25 & 1.000000e+25 & 
1944081306 122.080002 23.320000 1.000000e+25 & 1.000000e+25 & 
1944081312 121.099998 24.000000 1.000000e+25 & 1.000000e+25 & 
1944081318 120.209999 24.600000 1.000000e+25 & 1.000000e+25 & 
1944081400 119.199997 25.200001 1.000000e+25 & 1.000000e+25 & 
1944081406 117.870003 25.889999 1.000000e+25 & 1.000000e+25 & 
1944081412 116.400002 26.600000 1.000000e+25 & 1.000000e+25 & 
1944081418 114.980003 27.309999 1.000000e+25 & 1.000000e+25 & 
1944081500 113.599998 28.000000 1.000000e+25 & 1.000000e+25 & 
TRACK_ID  24 START_TIME 1944081400
POINT_NUM  21
1944081400 84.400002 23.100000 1.000000e+25 & 1.000000e+25 & 
1944081406 83.989998 22.780001 1.000000e+25 & 1.000000e+25 & 
1944081412 83.430000 22.469999 1.000000e+25 & 1.000000e+25 & 
1944081418 82.930000 22.240000 1.000000e+25 & 1.000000e+25 & 
1944081500 82.430000 22.049999 1.000000e+25 & 1.000000e+25 & 
1944081506 81.860001 21.840000 1.000000e+25 & 1.000000e+25 & 
1944081512 81.260002 21.559999 1.000000e+25 & 1.000000e+25 & 
1944081518 80.599998 21.280001 1.000000e+25 & 1.000000e+25 & 
1944081600 79.910004 21.049999 1.000000e+25 & 1.000000e+25 & 
1944081606 78.839996 20.920000 1.000000e+25 & 1.000000e+25 & 
1944081612 77.620003 20.900000 1.000000e+25 & 1.000000e+25 & 
1944081618 76.400002 20.900000 1.000000e+25 & 1.000000e+25 & 
1944081700 75.199997 20.900000 1.000000e+25 & 1.000000e+25 & 
1944081706 74.010002 20.910000 1.000000e+25 & 1.000000e+25 & 
1944081712 72.879997 20.850000 1.000000e+25 & 1.000000e+25 & 
1944081718 71.760002 20.360001 1.000000e+25 & 1.000000e+25 & 
1944081800 70.660004 19.799999 1.000000e+25 & 1.000000e+25 & 
1944081806 69.709999 19.870001 1.000000e+25 & 1.000000e+25 & 
1944081812 68.809998 20.200001 1.000000e+25 & 1.000000e+25 & 
1944081818 68.010002 20.469999 1.000000e+25 & 1.000000e+25 & 
1944081900 67.180000 20.660000 1.000000e+25 & 1.000000e+25 & 
TRACK_ID  27 START_TIME 1944081912
POINT_NUM  38
1944081912 141.639999 20.490000 1.000000e+25 & 1.000000e+25 & 
1944081918 141.070007 21.160000 1.000000e+25 & 1.000000e+25 & 
1944082000 141.139999 22.110001 1.000000e+25 & 1.000000e+25 & 
1944082006 141.440002 23.290001 1.000000e+25 & 1.000000e+25 & 
1944082012 141.520004 24.559999 1.000000e+25 & 1.000000e+25 & 
1944082018 141.110001 25.700001 1.000000e+25 & 1.000000e+25 & 
1944082100 140.169998 25.900000 1.000000e+25 & 1.000000e+25 & 
1944082106 139.080002 24.780001 1.000000e+25 & 1.000000e+25 & 
1944082112 138.289993 24.100000 1.000000e+25 & 1.000000e+25 & 
1944082118 137.380005 23.740000 1.000000e+25 & 1.000000e+25 & 
1944082200 136.410004 24.100000 1.000000e+25 & 1.000000e+25 & 
1944082206 135.399994 25.170000 1.000000e+25 & 1.000000e+25 & 
1944082212 134.339996 26.450001 1.000000e+25 & 1.000000e+25 & 
1944082218 133.369995 27.690001 1.000000e+25 & 1.000000e+25 & 
1944082300 133.110001 28.260000 1.000000e+25 & 1.000000e+25 & 
1944082306 133.559998 28.139999 1.000000e+25 & 1.000000e+25 & 
1944082312 133.919998 27.959999 1.000000e+25 & 1.000000e+25 & 
1944082318 134.039993 27.780001 1.000000e+25 & 1.000000e+25 & 
1944082400 133.839996 27.320000 1.000000e+25 & 1.000000e+25 & 
1944082406 133.419998 26.629999 1.000000e+25 & 1.000000e+25 & 
1944082412 133.350006 25.889999 1.000000e+25 & 1.000000e+25 & 
1944082418 133.649994 25.340000 1.000000e+25 & 1.000000e+25 & 
1944082500 133.820007 25.910000 1.000000e+25 & 1.000000e+25 & 
1944082506 133.860001 27.530001 1.000000e+25 & 1.000000e+25 & 
1944082512 134.270004 28.770000 1.000000e+25 & 1.000000e+25 & 
1944082518 135.089996 29.420000 1.000000e+25 & 1.000000e+25 & 
1944082600 136.130005 30.020000 1.000000e+25 & 1.000000e+25 & 
1944082606 137.350006 30.620001 1.000000e+25 & 1.000000e+25 & 
1944082612 138.720001 31.330000 1.000000e+25 & 1.000000e+25 & 
1944082618 140.089996 31.980000 1.000000e+25 & 1.000000e+25 & 
1944082700 140.800003 31.549999 1.000000e+25 & 1.000000e+25 & 
1944082706 140.919998 30.160000 1.000000e+25 & 1.000000e+25 & 
1944082712 141.589996 29.360001 1.000000e+25 & 1.000000e+25 & 
1944082718 142.899994 29.420000 1.000000e+25 & 1.000000e+25 & 
1944082800 144.190002 30.120001 1.000000e+25 & 1.000000e+25 & 
1944082806 145.380005 31.340000 1.000000e+25 & 1.000000e+25 & 
1944082812 146.660004 32.610001 1.000000e+25 & 1.000000e+25 & 
1944082818 148.070007 33.689999 1.000000e+25 & 1.000000e+25 & 
TRACK_ID  26 START_TIME 1944081800
POINT_NUM  21
1944081800 89.000000 18.900000 1.000000e+25 & 1.000000e+25 & 
1944081806 88.589996 19.059999 1.000000e+25 & 1.000000e+25 & 
1944081812 88.099998 19.250000 1.000000e+25 & 1.000000e+25 & 
1944081818 87.660004 19.440001 1.000000e+25 & 1.000000e+25 & 
1944081900 87.190002 19.639999 1.000000e+25 & 1.000000e+25 & 
1944081906 85.989998 19.980000 1.000000e+25 & 1.000000e+25 & 
1944081912 84.470001 20.309999 1.000000e+25 & 1.000000e+25 & 
1944081918 83.300003 20.629999 1.000000e+25 & 1.000000e+25 & 
1944082000 82.300003 20.930000 1.000000e+25 & 1.000000e+25 & 
1944082006 81.629997 21.150000 1.000000e+25 & 1.000000e+25 & 
1944082012 81.120003 21.350000 1.000000e+25 & 1.000000e+25 & 
1944082018 80.629997 21.620001 1.000000e+25 & 1.000000e+25 & 
1944082100 80.129997 21.920000 1.000000e+25 & 1.000000e+25 & 
1944082106 79.550003 22.230000 1.000000e+25 & 1.000000e+25 & 
1944082112 78.940002 22.530001 1.000000e+25 & 1.000000e+25 & 
1944082118 78.489998 22.809999 1.000000e+25 & 1.000000e+25 & 
1944082200 78.110001 23.090000 1.000000e+25 & 1.000000e+25 & 
1944082206 77.559998 23.709999 1.000000e+25 & 1.000000e+25 & 
1944082212 76.949997 24.500000 1.000000e+25 & 1.000000e+25 & 
1944082218 76.440002 25.160000 1.000000e+25 & 1.000000e+25 & 
1944082300 76.029999 25.799999 1.000000e+25 & 1.000000e+25 & 
TRACK_ID  29 START_TIME 1944082400
POINT_NUM  33
1944082400 90.500000 21.100000 1.000000e+25 & 1.000000e+25 & 
1944082406 90.099998 21.580000 1.000000e+25 & 1.000000e+25 & 
1944082412 89.629997 22.070000 1.000000e+25 & 1.000000e+25 & 
1944082418 89.120003 22.510000 1.000000e+25 & 1.000000e+25 & 
1944082500 88.540001 22.910000 1.000000e+25 & 1.000000e+25 & 
1944082506 88.010002 23.240000 1.000000e+25 & 1.000000e+25 & 
1944082512 87.440002 23.540001 1.000000e+25 & 1.000000e+25 & 
1944082518 86.839996 23.750000 1.000000e+25 & 1.000000e+25 & 
1944082600 86.230003 23.879999 1.000000e+25 & 1.000000e+25 & 
1944082606 85.790001 23.920000 1.000000e+25 & 1.000000e+25 & 
1944082612 85.470001 23.980000 1.000000e+25 & 1.000000e+25 & 
1944082618 85.180000 24.080000 1.000000e+25 & 1.000000e+25 & 
1944082700 84.889999 24.250000 1.000000e+25 & 1.000000e+25 & 
1944082706 84.370003 24.450001 1.000000e+25 & 1.000000e+25 & 
1944082712 83.750000 24.730000 1.000000e+25 & 1.000000e+25 & 
1944082718 83.230003 25.030001 1.000000e+25 & 1.000000e+25 & 
1944082800 82.809998 25.330000 1.000000e+25 & 1.000000e+25 & 
1944082806 82.330002 25.559999 1.000000e+25 & 1.000000e+25 & 
1944082812 81.900002 25.750000 1.000000e+25 & 1.000000e+25 & 
1944082818 81.559998 25.959999 1.000000e+25 & 1.000000e+25 & 
1944082900 81.250000 26.250000 1.000000e+25 & 1.000000e+25 & 
1944082906 81.110001 26.379999 1.000000e+25 & 1.000000e+25 & 
1944082912 81.019997 26.469999 1.000000e+25 & 1.000000e+25 & 
1944082918 80.870003 26.650000 1.000000e+25 & 1.000000e+25 & 
1944083000 80.739998 26.930000 1.000000e+25 & 1.000000e+25 & 
1944083006 80.550003 27.160000 1.000000e+25 & 1.000000e+25 & 
1944083012 80.349998 27.360001 1.000000e+25 & 1.000000e+25 & 
1944083018 80.209999 27.480000 1.000000e+25 & 1.000000e+25 & 
1944083100 80.040001 27.580000 1.000000e+25 & 1.000000e+25 & 
1944083106 79.849998 27.680000 1.000000e+25 & 1.000000e+25 & 
1944083112 79.650002 27.780001 1.000000e+25 & 1.000000e+25 & 
1944083118 79.459999 27.860001 1.000000e+25 & 1.000000e+25 & 
1944090100 79.269997 27.889999 1.000000e+25 & 1.000000e+25 & 
TRACK_ID  31 START_TIME 1944090900
POINT_NUM  11
1944090900 265.000000 25.000000 1.000000e+25 & 1.286000e+01 & 
1944090906 265.200012 25.799999 1.000000e+25 & 1.543000e+01 & 
1944090912 265.500000 26.500000 1.000000e+25 & 1.801000e+01 & 
1944090918 265.899994 27.000000 1.000000e+25 & 2.058000e+01 & 
1944091000 266.500000 27.200001 1.000000e+25 & 2.315000e+01 & 
1944091006 267.399994 27.700001 1.000000e+25 & 2.315000e+01 & 
1944091012 268.500000 28.400000 1.000000e+25 & 2.572000e+01 & 
1944091018 270.399994 29.100000 9.920000e+02 & 2.829000e+01 & 
1944091100 271.899994 30.700001 1.000000e+25 & 2.058000e+01 & 
1944091106 273.000000 31.400000 1.000000e+25 & 1.543000e+01 & 
1944091112 273.200012 32.000000 1.000000e+25 & 1.286000e+01 & 
TRACK_ID  30 START_TIME 1944090906
POINT_NUM  30
1944090906 301.500000 20.799999 1.000000e+25 & 2.315000e+01 & 
1944090912 300.299988 21.200001 1.000000e+25 & 2.572000e+01 & 
1944090918 299.000000 21.600000 1.000000e+25 & 2.829000e+01 & 
1944091000 297.700012 22.000000 1.000000e+25 & 3.087000e+01 & 
1944091006 296.399994 22.500000 1.000000e+25 & 3.344000e+01 & 
1944091012 295.000000 23.000000 1.000000e+25 & 3.601000e+01 & 
1944091018 293.700012 23.600000 1.000000e+25 & 3.858000e+01 & 
1944091100 292.600006 24.299999 1.000000e+25 & 4.116000e+01 & 
1944091106 291.899994 25.000000 1.000000e+25 & 4.373000e+01 & 
1944091112 291.299988 25.500000 1.000000e+25 & 4.630000e+01 & 
1944091118 290.799988 25.700001 1.000000e+25 & 4.887000e+01 & 
1944091200 290.100006 25.799999 1.000000e+25 & 5.402000e+01 & 
1944091206 289.399994 25.900000 1.000000e+25 & 5.659000e+01 & 
1944091212 288.500000 26.200001 9.430000e+02 & 5.916000e+01 & 
1944091218 287.200012 26.600000 1.000000e+25 & 6.173000e+01 & 
1944091300 286.000000 27.000000 1.000000e+25 & 6.173000e+01 & 
1944091306 285.299988 27.600000 1.000000e+25 & 6.173000e+01 & 
1944091312 284.899994 28.500000 1.000000e+25 & 6.431000e+01 & 
1944091318 284.500000 29.700001 1.000000e+25 & 6.431000e+01 & 
1944091400 284.299988 31.200001 1.000000e+25 & 6.173000e+01 & 
1944091406 284.299988 32.700001 1.000000e+25 & 5.659000e+01 & 
1944091412 284.600006 34.500000 9.400000e+02 & 5.402000e+01 & 
1944091418 285.299988 37.099998 1.000000e+25 & 5.144000e+01 & 
1944091500 286.799988 39.900002 9.540000e+02 & 4.630000e+01 & 
1944091506 289.000000 42.000000 9.660000e+02 & 3.344000e+01 & 
1944091512 291.500000 44.200001 9.820000e+02 & 2.829000e+01 & 
1944091518 296.299988 46.000000 1.000000e+25 & 2.572000e+01 & 
1944091600 301.799988 47.799999 1.000000e+25 & 2.315000e+01 & 
1944091606 307.399994 49.900002 1.000000e+25 & 2.058000e+01 & 
1944091612 313.000000 52.000000 1.000000e+25 & 1.801000e+01 & 
TRACK_ID  37 START_TIME 1944092900
POINT_NUM  13
1944092900 89.000000 19.400000 1.000000e+25 & 1.000000e+25 & 
1944092906 88.669998 19.559999 1.000000e+25 & 1.000000e+25 & 
1944092912 88.279999 19.760000 1.000000e+25 & 1.000000e+25 & 
1944092918 87.930000 19.940001 1.000000e+25 & 1.000000e+25 & 
1944093000 87.550003 20.129999 1.000000e+25 & 1.000000e+25 & 
1944093006 86.610001 20.540001 1.000000e+25 & 1.000000e+25 & 
1944093012 85.410004 20.980000 1.000000e+25 & 1.000000e+25 & 
1944093018 84.269997 21.469999 1.000000e+25 & 1.000000e+25 & 
1944100100 83.180000 21.889999 1.000000e+25 & 1.000000e+25 & 
1944100106 82.059998 22.299999 1.000000e+25 & 1.000000e+25 & 
1944100112 80.879997 22.620001 1.000000e+25 & 1.000000e+25 & 
1944100118 79.870003 22.920000 1.000000e+25 & 1.000000e+25 & 
1944100200 78.919998 23.200001 1.000000e+25 & 1.000000e+25 & 
TRACK_ID  34 START_TIME 1944091912
POINT_NUM  19
1944091912 137.199997 17.000000 1.000000e+25 & 1.000000e+25 & 
1944091918 136.300003 17.000000 1.000000e+25 & 1.000000e+25 & 
1944092000 135.300003 17.000000 1.000000e+25 & 1.000000e+25 & 
1944092006 134.130005 17.000000 1.000000e+25 & 1.000000e+25 & 
1944092012 132.899994 17.000000 1.000000e+25 & 1.000000e+25 & 
1944092018 131.789993 16.980000 1.000000e+25 & 1.000000e+25 & 
1944092100 130.600006 17.000000 1.000000e+25 & 1.000000e+25 & 
1944092106 129.199997 17.100000 1.000000e+25 & 1.000000e+25 & 
1944092112 127.699997 17.299999 1.000000e+25 & 1.000000e+25 & 
1944092118 126.110001 17.590000 1.000000e+25 & 1.000000e+25 & 
1944092200 124.699997 18.000000 1.000000e+25 & 1.000000e+25 & 
1944092206 123.730003 18.469999 1.000000e+25 & 1.000000e+25 & 
1944092212 123.000000 19.100000 1.000000e+25 & 1.000000e+25 & 
1944092218 122.239998 19.950001 1.000000e+25 & 1.000000e+25 & 
1944092300 121.599998 20.900000 1.000000e+25 & 1.000000e+25 & 
1944092306 121.129997 21.790001 1.000000e+25 & 1.000000e+25 & 
1944092312 120.699997 22.600000 1.000000e+25 & 1.000000e+25 & 
1944092318 120.180000 23.250000 1.000000e+25 & 1.000000e+25 & 
1944092400 119.599998 23.799999 1.000000e+25 & 1.000000e+25 & 
TRACK_ID  33 START_TIME 1944091906
POINT_NUM  14
1944091906 276.399994 19.299999 1.000000e+25 & 2.058000e+01 & 
1944091912 275.799988 20.000000 1.000000e+25 & 2.572000e+01 & 
1944091918 275.100006 20.600000 1.000000e+25 & 3.087000e+01 & 
1944092000 274.399994 20.900000 1.000000e+25 & 3.601000e+01 & 
1944092006 273.700012 21.000000 1.000000e+25 & 3.601000e+01 & 
1944092012 272.799988 21.100000 1.000000e+25 & 3.087000e+01 & 
1944092018 271.700012 20.900000 1.000000e+25 & 2.829000e+01 & 
1944092100 270.500000 20.500000 1.000000e+25 & 2.572000e+01 & 
1944092106 269.299988 20.000000 1.000000e+25 & 3.344000e+01 & 
1944092112 268.000000 19.200001 1.000000e+25 & 3.601000e+01 & 
1944092118 266.799988 18.500000 1.000000e+25 & 3.601000e+01 & 
1944092200 266.000000 17.900000 1.000000e+25 & 3.087000e+01 & 
1944092206 265.799988 17.200001 1.000000e+25 & 2.315000e+01 & 
1944092212 266.000000 16.500000 1.000000e+25 & 1.543000e+01 & 
TRACK_ID  32 START_TIME 1944090912
POINT_NUM  27
1944090912 142.399994 13.400000 1.000000e+25 & 1.000000e+25 & 
1944090918 141.830002 13.980000 1.000000e+25 & 1.000000e+25 & 
1944091000 141.300003 14.500000 1.000000e+25 & 1.000000e+25 & 
1944091006 140.809998 14.950000 1.000000e+25 & 1.000000e+25 & 
1944091012 140.300003 15.400000 1.000000e+25 & 1.000000e+25 & 
1944091018 139.660004 15.940000 1.000000e+25 & 1.000000e+25 & 
1944091100 139.000000 16.500000 1.000000e+25 & 1.000000e+25 & 
1944091106 138.440002 17.000000 1.000000e+25 & 1.000000e+25 & 
1944091112 137.899994 17.500000 1.000000e+25 & 1.000000e+25 & 
1944091118 137.309998 18.049999 1.000000e+25 & 1.000000e+25 & 
1944091200 136.699997 18.600000 1.000000e+25 & 1.000000e+25 & 
1944091206 136.050003 19.110001 1.000000e+25 & 1.000000e+25 & 
1944091212 135.399994 19.600000 1.000000e+25 & 1.000000e+25 & 
1944091218 134.789993 20.049999 1.000000e+25 & 1.000000e+25 & 
1944091300 134.199997 20.500000 1.000000e+25 & 1.000000e+25 & 
1944091306 133.589996 21.000000 1.000000e+25 & 1.000000e+25 & 
1944091312 133.000000 21.500000 1.000000e+25 & 1.000000e+25 & 
1944091318 132.460007 21.940001 1.000000e+25 & 1.000000e+25 & 
1944091400 131.899994 22.400000 1.000000e+25 & 1.000000e+25 & 
1944091406 131.250000 22.930000 1.000000e+25 & 1.000000e+25 & 
1944091412 130.600006 23.500000 1.000000e+25 & 1.000000e+25 & 
1944091418 130.029999 24.049999 1.000000e+25 & 1.000000e+25 & 
1944091500 129.500000 24.700001 1.000000e+25 & 1.000000e+25 & 
1944091506 128.889999 25.510000 1.000000e+25 & 1.000000e+25 & 
1944091512 128.399994 26.400000 1.000000e+25 & 1.000000e+25 & 
1944091518 128.169998 27.260000 1.000000e+25 & 1.000000e+25 & 
1944091600 128.100006 28.100000 1.000000e+25 & 1.000000e+25 & 
TRACK_ID  41 START_TIME 1944100300
POINT_NUM  9
1944100300 88.599998 21.400000 1.000000e+25 & 1.000000e+25 & 
1944100306 87.650002 21.730000 1.000000e+25 & 1.000000e+25 & 
1944100312 86.580002 22.190001 1.000000e+25 & 1.000000e+25 & 
1944100318 85.470001 22.610001 1.000000e+25 & 1.000000e+25 & 
1944100400 84.449997 23.080000 1.000000e+25 & 1.000000e+25 & 
1944100406 83.500000 23.570000 1.000000e+25 & 1.000000e+25 & 
1944100412 82.589996 24.070000 1.000000e+25 & 1.000000e+25 & 
1944100418 81.949997 24.570000 1.000000e+25 & 1.000000e+25 & 
1944100500 81.459999 25.110001 1.000000e+25 & 1.000000e+25 & 
TRACK_ID  35 START_TIME 1944092112
POINT_NUM  29
1944092112 318.500000 17.100000 1.000000e+25 & 1.801000e+01 & 
1944092118 316.500000 17.200001 1.000000e+25 & 1.801000e+01 & 
1944092200 314.399994 17.400000 1.000000e+25 & 1.801000e+01 & 
1944092206 312.299988 17.700001 1.000000e+25 & 1.801000e+01 & 
1944092212 310.299988 18.200001 1.000000e+25 & 2.058000e+01 & 
1944092218 308.600006 19.000000 1.000000e+25 & 2.058000e+01 & 
1944092300 307.299988 19.799999 1.000000e+25 & 2.315000e+01 & 
1944092306 305.899994 21.299999 1.000000e+25 & 2.315000e+01 & 
1944092312 304.899994 23.000000 1.000000e+25 & 2.572000e+01 & 
1944092318 304.299988 24.400000 1.000000e+25 & 2.829000e+01 & 
1944092400 304.100006 25.799999 1.000000e+25 & 2.829000e+01 & 
1944092406 304.100006 27.400000 1.000000e+25 & 3.087000e+01 & 
1944092412 304.200012 29.200001 1.000000e+25 & 3.344000e+01 & 
1944092418 304.500000 31.200001 1.000000e+25 & 3.601000e+01 & 
1944092500 305.000000 33.200001 1.000000e+25 & 3.858000e+01 & 
1944092506 305.899994 35.200001 1.000000e+25 & 4.116000e+01 & 
1944092512 306.500000 37.000000 1.000000e+25 & 4.373000e+01 & 
1944092518 306.700012 38.200001 1.000000e+25 & 4.116000e+01 & 
1944092600 306.700012 39.200001 1.000000e+25 & 3.858000e+01 & 
1944092606 306.799988 40.200001 1.000000e+25 & 3.601000e+01 & 
1944092612 307.000000 41.500000 1.000000e+25 & 3.087000e+01 & 
1944092618 308.000000 43.500000 1.000000e+25 & 2.829000e+01 & 
1944092700 310.000000 46.500000 1.000000e+25 & 2.829000e+01 & 
1944092706 312.799988 50.000000 1.000000e+25 & 2.572000e+01 & 
1944092712 316.100006 53.000000 1.000000e+25 & 2.572000e+01 & 
1944092718 320.000000 55.500000 1.000000e+25 & 2.315000e+01 & 
1944092800 325.299988 57.799999 1.000000e+25 & 2.315000e+01 & 
1944092806 331.500000 59.599998 1.000000e+25 & 2.058000e+01 & 
1944092812 337.600006 61.400002 1.000000e+25 & 2.058000e+01 & 
TRACK_ID  38 START_TIME 1944093006
POINT_NUM  13
1944093006 300.700012 14.400000 1.000000e+25 & 1.801000e+01 & 
1944093012 300.500000 14.500000 1.000000e+25 & 2.058000e+01 & 
1944093018 300.299988 14.600000 1.000000e+25 & 2.058000e+01 & 
1944100100 300.100006 14.800000 1.000000e+25 & 2.058000e+01 & 
1944100106 299.799988 15.000000 1.000000e+25 & 2.058000e+01 & 
1944100112 299.299988 15.300000 1.000000e+25 & 2.058000e+01 & 
1944100118 298.899994 15.800000 1.000000e+25 & 2.058000e+01 & 
1944100200 299.000000 16.600000 1.000000e+25 & 2.058000e+01 & 
1944100206 299.500000 17.799999 1.000000e+25 & 2.058000e+01 & 
1944100212 300.299988 18.900000 1.000000e+25 & 2.058000e+01 & 
1944100218 300.799988 19.799999 1.000000e+25 & 1.801000e+01 & 
1944100300 301.000000 20.299999 1.000000e+25 & 1.801000e+01 & 
1944100306 301.000000 20.500000 1.000000e+25 & 1.543000e+01 & 
TRACK_ID  40 START_TIME 1944093012
POINT_NUM  19
1944093012 135.699997 11.000000 1.000000e+25 & 1.000000e+25 & 
1944093018 133.539993 11.470000 1.000000e+25 & 1.000000e+25 & 
1944100100 131.699997 11.800000 1.000000e+25 & 1.000000e+25 & 
1944100106 130.389999 11.910000 1.000000e+25 & 1.000000e+25 & 
1944100112 129.300003 11.900000 1.000000e+25 & 1.000000e+25 & 
1944100118 128.009995 11.910000 1.000000e+25 & 1.000000e+25 & 
1944100200 126.699997 11.900000 1.000000e+25 & 1.000000e+25 & 
1944100206 125.459999 11.900000 1.000000e+25 & 1.000000e+25 & 
1944100212 124.199997 11.900000 1.000000e+25 & 1.000000e+25 & 
1944100218 122.830002 11.900000 1.000000e+25 & 1.000000e+25 & 
1944100300 121.500000 11.900000 1.000000e+25 & 1.000000e+25 & 
1944100306 120.320000 11.870000 1.000000e+25 & 1.000000e+25 & 
1944100312 119.199997 11.900000 1.000000e+25 & 1.000000e+25 & 
1944100318 118.019997 12.070000 1.000000e+25 & 1.000000e+25 & 
1944100400 116.900002 12.300000 1.000000e+25 & 1.000000e+25 & 
1944100406 115.940002 12.510000 1.000000e+25 & 1.000000e+25 & 
1944100412 115.000000 12.700000 1.000000e+25 & 1.000000e+25 & 
1944100418 113.980003 12.820000 1.000000e+25 & 1.000000e+25 & 
1944100500 112.900002 12.900000 1.000000e+25 & 1.000000e+25 & 
TRACK_ID  44 START_TIME 1944101212
POINT_NUM  49
1944101212 279.500000 16.000000 1.000000e+25 & 1.543000e+01 & 
1944101218 279.399994 16.400000 1.000000e+25 & 1.801000e+01 & 
1944101300 279.299988 16.799999 1.000000e+25 & 2.058000e+01 & 
1944101306 279.200012 17.100000 1.000000e+25 & 2.572000e+01 & 
1944101312 279.100006 17.400000 1.000000e+25 & 3.087000e+01 & 
1944101318 279.100006 17.600000 1.000000e+25 & 3.601000e+01 & 
1944101400 279.200012 17.799999 9.760000e+02 & 4.116000e+01 & 
1944101406 279.299988 17.900000 1.000000e+25 & 4.116000e+01 & 
1944101412 279.399994 18.000000 1.000000e+25 & 4.116000e+01 & 
1944101418 279.399994 18.100000 1.000000e+25 & 4.116000e+01 & 
1944101500 279.500000 18.200001 1.000000e+25 & 4.116000e+01 & 
1944101506 279.500000 18.299999 1.000000e+25 & 4.116000e+01 & 
1944101512 279.200012 18.500000 1.000000e+25 & 4.373000e+01 & 
1944101518 278.700012 18.700001 1.000000e+25 & 4.373000e+01 & 
1944101600 278.299988 19.000000 1.000000e+25 & 4.630000e+01 & 
1944101606 277.899994 19.200001 1.000000e+25 & 4.630000e+01 & 
1944101612 277.600006 19.400000 1.000000e+25 & 4.630000e+01 & 
1944101618 277.299988 19.500000 1.000000e+25 & 4.630000e+01 & 
1944101700 277.100006 19.600000 1.000000e+25 & 4.630000e+01 & 
1944101706 277.100006 19.700001 1.000000e+25 & 4.887000e+01 & 
1944101712 277.100006 20.000000 1.000000e+25 & 4.887000e+01 & 
1944101718 277.100006 20.600000 1.000000e+25 & 5.402000e+01 & 
1944101800 277.100006 21.400000 1.000000e+25 & 5.916000e+01 & 
1944101806 277.100006 22.200001 1.000000e+25 & 6.431000e+01 & 
1944101812 277.000000 23.100000 9.370000e+02 & 5.916000e+01 & 
1944101818 277.100006 24.000000 9.490000e+02 & 5.402000e+01 & 
1944101900 277.299988 25.299999 1.000000e+25 & 5.144000e+01 & 
1944101906 277.399994 26.900000 9.620000e+02 & 4.630000e+01 & 
1944101912 277.899994 28.400000 9.680000e+02 & 3.858000e+01 & 
1944101918 278.299988 29.799999 9.760000e+02 & 3.087000e+01 & 
1944102000 278.600006 31.200001 9.800000e+02 & 2.829000e+01 & 
1944102006 279.000000 32.400002 9.850000e+02 & 2.572000e+01 & 
1944102012 279.500000 33.700001 9.880000e+02 & 2.572000e+01 & 
1944102018 281.000000 35.400002 9.930000e+02 & 2.315000e+01 & 
1944102100 283.100006 37.099998 9.960000e+02 & 2.058000e+01 & 
1944102106 285.000000 38.299999 1.000000e+25 & 2.058000e+01 & 
1944102112 286.700012 39.400002 1.000000e+25 & 2.315000e+01 & 
1944102118 289.200012 40.700001 1.000000e+25 & 2.315000e+01 & 
1944102200 292.600006 42.700001 1.000000e+25 & 2.315000e+01 & 
1944102206 296.500000 44.900002 1.000000e+25 & 2.315000e+01 & 
1944102212 300.500000 47.500000 1.000000e+25 & 2.315000e+01 & 
1944102218 303.500000 50.500000 1.000000e+25 & 2.315000e+01 & 
1944102300 306.000000 54.000000 1.000000e+25 & 2.315000e+01 & 
1944102306 308.000000 57.000000 1.000000e+25 & 2.315000e+01 & 
1944102312 310.000000 59.500000 1.000000e+25 & 2.572000e+01 & 
1944102318 313.000000 61.500000 1.000000e+25 & 2.572000e+01 & 
1944102400 316.500000 63.000000 1.000000e+25 & 2.315000e+01 & 
1944102406 321.000000 64.500000 1.000000e+25 & 2.058000e+01 & 
1944102412 326.000000 66.000000 1.000000e+25 & 1.543000e+01 & 
TRACK_ID  45 START_TIME 1944101400
POINT_NUM  9
1944101400 85.400002 13.400000 1.000000e+25 & 1.000000e+25 & 
1944101406 84.849998 13.720000 1.000000e+25 & 1.000000e+25 & 
1944101412 84.260002 14.110000 1.000000e+25 & 1.000000e+25 & 
1944101418 83.650002 14.440000 1.000000e+25 & 1.000000e+25 & 
1944101500 83.120003 14.810000 1.000000e+25 & 1.000000e+25 & 
1944101506 82.680000 15.200000 1.000000e+25 & 1.000000e+25 & 
1944101512 82.279999 15.610000 1.000000e+25 & 1.000000e+25 & 
1944101518 81.989998 15.930000 1.000000e+25 & 1.000000e+25 & 
1944101600 81.769997 16.209999 1.000000e+25 & 1.000000e+25 & 
TRACK_ID  48 START_TIME 1944102812
POINT_NUM  23
1944102812 132.000000 12.100000 1.000000e+25 & 1.000000e+25 & 
1944102818 130.669998 12.300000 1.000000e+25 & 1.000000e+25 & 
1944102900 129.300003 12.500000 1.000000e+25 & 1.000000e+25 & 
1944102906 127.860001 12.700000 1.000000e+25 & 1.000000e+25 & 
1944102912 126.400002 12.900000 1.000000e+25 & 1.000000e+25 & 
1944102918 124.949997 13.090000 1.000000e+25 & 1.000000e+25 & 
1944103000 123.500000 13.300000 1.000000e+25 & 1.000000e+25 & 
1944103006 122.050003 13.520000 1.000000e+25 & 1.000000e+25 & 
1944103012 120.599998 13.800000 1.000000e+25 & 1.000000e+25 & 
1944103018 119.050003 14.190000 1.000000e+25 & 1.000000e+25 & 
1944103100 117.699997 14.600000 1.000000e+25 & 1.000000e+25 & 
1944103106 116.860001 14.930000 1.000000e+25 & 1.000000e+25 & 
1944103112 116.199997 15.300000 1.000000e+25 & 1.000000e+25 & 
1944103118 115.309998 15.870000 1.000000e+25 & 1.000000e+25 & 
1944110100 114.500000 16.400000 1.000000e+25 & 1.000000e+25 & 
1944110106 113.949997 16.700001 1.000000e+25 & 1.000000e+25 & 
1944110112 113.500000 16.900000 1.000000e+25 & 1.000000e+25 & 
1944110118 113.019997 17.110001 1.000000e+25 & 1.000000e+25 & 
1944110200 112.500000 17.299999 1.000000e+25 & 1.000000e+25 & 
1944110206 111.919998 17.459999 1.000000e+25 & 1.000000e+25 & 
1944110212 111.300003 17.600000 1.000000e+25 & 1.000000e+25 & 
1944110218 110.660004 17.709999 1.000000e+25 & 1.000000e+25 & 
1944110300 110.000000 17.799999 1.000000e+25 & 1.000000e+25 & 
TRACK_ID  47 START_TIME 1944102500
POINT_NUM  17
1944102500 84.000000 11.900000 1.000000e+25 & 1.000000e+25 & 
1944102506 83.750000 12.380000 1.000000e+25 & 1.000000e+25 & 
1944102512 83.320000 12.870000 1.000000e+25 & 1.000000e+25 & 
1944102518 82.709999 13.310000 1.000000e+25 & 1.000000e+25 & 
1944102600 82.010002 13.640000 1.000000e+25 & 1.000000e+25 & 
1944102606 81.089996 13.770000 1.000000e+25 & 1.000000e+25 & 
1944102612 80.099998 13.770000 1.000000e+25 & 1.000000e+25 & 
1944102618 78.680000 14.000000 1.000000e+25 & 1.000000e+25 & 
1944102700 77.139999 14.510000 1.000000e+25 & 1.000000e+25 & 
1944102706 76.239998 15.650000 1.000000e+25 & 1.000000e+25 & 
1944102712 75.589996 17.070000 1.000000e+25 & 1.000000e+25 & 
1944102718 74.449997 18.040001 1.000000e+25 & 1.000000e+25 & 
1944102800 73.040001 18.680000 1.000000e+25 & 1.000000e+25 & 
1944102806 71.860001 19.030001 1.000000e+25 & 1.000000e+25 & 
1944102812 70.820000 19.309999 1.000000e+25 & 1.000000e+25 & 
1944102818 70.809998 19.910000 1.000000e+25 & 1.000000e+25 & 
1944102900 71.650002 20.680000 1.000000e+25 & 1.000000e+25 & 
TRACK_ID  49 START_TIME 1944110100
POINT_NUM  12
1944110100 278.700012 12.200000 1.000000e+25 & 1.543000e+01 & 
1944110106 278.600006 12.100000 1.000000e+25 & 1.801000e+01 & 
1944110112 278.500000 12.000000 1.000000e+25 & 2.058000e+01 & 
1944110118 278.299988 11.900000 1.000000e+25 & 2.315000e+01 & 
1944110200 278.000000 11.700000 1.000000e+25 & 2.572000e+01 & 
1944110206 277.700012 11.600000 1.000000e+25 & 2.829000e+01 & 
1944110212 277.500000 11.500000 1.000000e+25 & 3.087000e+01 & 
1944110218 277.500000 11.400000 1.000000e+25 & 3.087000e+01 & 
1944110300 277.600006 11.300000 1.000000e+25 & 2.572000e+01 & 
1944110306 277.799988 11.300000 1.000000e+25 & 2.058000e+01 & 
1944110312 278.000000 11.300000 1.000000e+25 & 1.543000e+01 & 
1944110318 278.200012 11.300000 1.000000e+25 & 1.286000e+01 & 
TRACK_ID  50 START_TIME 1944110600
POINT_NUM  9
1944110600 90.300003 13.200000 1.000000e+25 & 1.000000e+25 & 
1944110606 90.230003 13.450000 1.000000e+25 & 1.000000e+25 & 
1944110612 90.209999 13.820000 1.000000e+25 & 1.000000e+25 & 
1944110618 90.190002 14.180000 1.000000e+25 & 1.000000e+25 & 
1944110700 90.250000 14.570000 1.000000e+25 & 1.000000e+25 & 
1944110706 90.580002 15.340000 1.000000e+25 & 1.000000e+25 & 
1944110712 91.139999 16.180000 1.000000e+25 & 1.000000e+25 & 
1944110718 91.790001 16.930000 1.000000e+25 & 1.000000e+25 & 
1944110800 92.459999 17.590000 1.000000e+25 & 1.000000e+25 & 
TRACK_ID  51 START_TIME 1944110712
POINT_NUM  19
1944110712 135.000000 13.800000 1.000000e+25 & 1.000000e+25 & 
1944110718 131.660004 13.880000 1.000000e+25 & 1.000000e+25 & 
1944110800 128.500000 13.900000 1.000000e+25 & 1.000000e+25 & 
1944110806 125.690002 13.930000 1.000000e+25 & 1.000000e+25 & 
1944110812 123.400002 14.400000 1.000000e+25 & 1.000000e+25 & 
1944110818 121.389999 15.850000 1.000000e+25 & 1.000000e+25 & 
1944110900 120.300003 17.400000 1.000000e+25 & 1.000000e+25 & 
1944110906 120.599998 18.049999 1.000000e+25 & 1.000000e+25 & 
1944110912 121.500000 18.500000 1.000000e+25 & 1.000000e+25 & 
1944110918 121.900002 19.209999 1.000000e+25 & 1.000000e+25 & 
1944111000 122.400002 20.100000 1.000000e+25 & 1.000000e+25 & 
1944111006 123.269997 21.260000 1.000000e+25 & 1.000000e+25 & 
1944111012 124.300003 22.400000 1.000000e+25 & 1.000000e+25 & 
1944111018 125.040001 23.139999 1.000000e+25 & 1.000000e+25 & 
1944111100 126.199997 23.900000 1.000000e+25 & 1.000000e+25 & 
1944111106 128.350006 25.100000 1.000000e+25 & 1.000000e+25 & 
1944111112 131.000000 26.299999 1.000000e+25 & 1.000000e+25 & 
1944111118 133.630005 27.170000 1.000000e+25 & 1.000000e+25 & 
1944111200 136.199997 27.799999 1.000000e+25 & 1.000000e+25 & 
TRACK_ID  52 START_TIME 1944111812
POINT_NUM  7
1944111812 136.000000 8.000000 1.000000e+25 & 1.000000e+25 & 
1944111818 134.539993 8.550000 1.000000e+25 & 1.000000e+25 & 
1944111900 133.199997 9.100000 1.000000e+25 & 1.000000e+25 & 
1944111906 132.070007 9.650000 1.000000e+25 & 1.000000e+25 & 
1944111912 131.000000 10.200000 1.000000e+25 & 1.000000e+25 & 
1944111918 129.839996 10.750000 1.000000e+25 & 1.000000e+25 & 
1944112000 128.600006 11.300000 1.000000e+25 & 1.000000e+25 & 
TRACK_ID  53 START_TIME 1944111912
POINT_NUM  7
1944111912 145.500000 16.500000 1.000000e+25 & 1.000000e+25 & 
1944111918 145.800003 17.680000 1.000000e+25 & 1.000000e+25 & 
1944112000 146.199997 18.900000 1.000000e+25 & 1.000000e+25 & 
1944112006 146.750000 20.190001 1.000000e+25 & 1.000000e+25 & 
1944112012 147.399994 21.500000 1.000000e+25 & 1.000000e+25 & 
1944112018 148.050003 22.809999 1.000000e+25 & 1.000000e+25 & 
1944112100 148.699997 24.100000 1.000000e+25 & 1.000000e+25 & 
TRACK_ID  54 START_TIME 1944112800
POINT_NUM  5
1944112800 86.300003 10.700000 1.000000e+25 & 1.000000e+25 & 
1944112806 85.559998 11.160000 1.000000e+25 & 1.000000e+25 & 
1944112812 84.550003 11.580000 1.000000e+25 & 1.000000e+25 & 
1944112818 83.389999 11.730000 1.000000e+25 & 1.000000e+25 & 
1944112900 82.220001 11.620000 1.000000e+25 & 1.000000e+25 & 
