0
0 0
TRACK_NUM        54 ADD_FLD    1   1 &0
TRACK_ID  1 START_TIME 1944123100
POINT_NUM  9
1944123100 87.000000 10.200000 1.000000e+25 & 1.000000e+25 & 
1944123106 86.599998 10.830000 1.000000e+25 & 1.000000e+25 & 
1944123112 86.410004 11.580000 1.000000e+25 & 1.000000e+25 & 
1944123118 86.660004 12.480000 1.000000e+25 & 1.000000e+25 & 
1945010100 87.160004 13.320000 1.000000e+25 & 1.000000e+25 & 
1945010106 87.540001 13.830000 1.000000e+25 & 1.000000e+25 & 
1945010112 87.919998 14.140000 1.000000e+25 & 1.000000e+25 & 
1945010118 88.230003 14.400000 1.000000e+25 & 1.000000e+25 & 
1945010200 88.580002 14.610000 1.000000e+25 & 1.000000e+25 & 
TRACK_ID  3 START_TIME 1945041912
POINT_NUM  29
1945041912 160.300003 9.500000 1.000000e+25 & 1.000000e+25 & 
1945041918 159.929993 9.580000 1.000000e+25 & 1.000000e+25 & 
1945042000 159.699997 9.600000 1.000000e+25 & 1.000000e+25 & 
1945042006 159.289993 9.700000 1.000000e+25 & 1.000000e+25 & 
1945042012 158.800003 9.800000 1.000000e+25 & 1.000000e+25 & 
1945042018 158.309998 9.800000 1.000000e+25 & 1.000000e+25 & 
1945042100 157.899994 9.800000 1.000000e+25 & 1.000000e+25 & 
1945042106 157.419998 9.900000 1.000000e+25 & 1.000000e+25 & 
1945042112 157.000000 10.000000 1.000000e+25 & 1.000000e+25 & 
1945042118 156.479996 10.010000 1.000000e+25 & 1.000000e+25 & 
1945042200 155.800003 10.100000 1.000000e+25 & 1.000000e+25 & 
1945042206 155.100006 10.190000 1.000000e+25 & 1.000000e+25 & 
1945042212 154.500000 10.200000 1.000000e+25 & 1.000000e+25 & 
1945042218 154.179993 10.300000 1.000000e+25 & 1.000000e+25 & 
1945042300 153.800003 10.400000 1.000000e+25 & 1.000000e+25 & 
1945042306 153.410004 10.490000 1.000000e+25 & 1.000000e+25 & 
1945042312 153.000000 10.600000 1.000000e+25 & 1.000000e+25 & 
1945042318 152.429993 10.960000 1.000000e+25 & 1.000000e+25 & 
1945042400 152.000000 11.200000 1.000000e+25 & 1.000000e+25 & 
1945042406 151.500000 11.590000 1.000000e+25 & 1.000000e+25 & 
1945042412 151.000000 12.000000 1.000000e+25 & 1.000000e+25 & 
1945042418 150.589996 12.680000 1.000000e+25 & 1.000000e+25 & 
1945042500 150.199997 13.300000 1.000000e+25 & 1.000000e+25 & 
1945042506 149.800003 13.900000 1.000000e+25 & 1.000000e+25 & 
1945042512 149.500000 14.500000 1.000000e+25 & 1.000000e+25 & 
1945042518 149.300003 15.110000 1.000000e+25 & 1.000000e+25 & 
1945042600 149.199997 15.800000 1.000000e+25 & 1.000000e+25 & 
1945042606 149.100006 16.400000 1.000000e+25 & 1.000000e+25 & 
1945042612 149.000000 17.000000 1.000000e+25 & 1.000000e+25 & 
TRACK_ID  4 START_TIME 1945042918
POINT_NUM  10
1945042918 92.500000 11.700000 1.000000e+25 & 1.000000e+25 & 
1945043000 92.300003 11.800000 1.000000e+25 & 1.000000e+25 & 
1945043006 91.699997 12.200000 1.000000e+25 & 1.000000e+25 & 
1945043012 91.000000 12.620000 1.000000e+25 & 1.000000e+25 & 
1945043018 90.180000 13.190000 1.000000e+25 & 1.000000e+25 & 
1945050100 89.279999 13.810000 1.000000e+25 & 1.000000e+25 & 
1945050106 88.919998 14.610000 1.000000e+25 & 1.000000e+25 & 
1945050112 89.300003 15.590000 1.000000e+25 & 1.000000e+25 & 
1945050118 89.910004 16.389999 1.000000e+25 & 1.000000e+25 & 
1945050200 90.620003 16.969999 1.000000e+25 & 1.000000e+25 & 
TRACK_ID  5 START_TIME 1945051312
POINT_NUM  13
1945051312 136.000000 19.000000 1.000000e+25 & 1.000000e+25 & 
1945051318 136.770004 19.770000 1.000000e+25 & 1.000000e+25 & 
1945051400 137.399994 20.400000 1.000000e+25 & 1.000000e+25 & 
1945051406 138.199997 21.260000 1.000000e+25 & 1.000000e+25 & 
1945051412 139.000000 22.000000 1.000000e+25 & 1.000000e+25 & 
1945051418 139.770004 22.969999 1.000000e+25 & 1.000000e+25 & 
1945051500 140.500000 24.000000 1.000000e+25 & 1.000000e+25 & 
1945051506 141.839996 25.570000 1.000000e+25 & 1.000000e+25 & 
1945051512 143.000000 27.000000 1.000000e+25 & 1.000000e+25 & 
1945051518 144.399994 28.030001 1.000000e+25 & 1.000000e+25 & 
1945051600 145.800003 29.100000 1.000000e+25 & 1.000000e+25 & 
1945051606 147.190002 30.010000 1.000000e+25 & 1.000000e+25 & 
1945051612 148.500000 31.000000 1.000000e+25 & 1.000000e+25 & 
TRACK_ID  6 START_TIME 1945060112
POINT_NUM  25
1945060112 133.000000 11.300000 1.000000e+25 & 1.000000e+25 & 
1945060118 132.050003 11.780000 1.000000e+25 & 1.000000e+25 & 
1945060200 131.300003 12.100000 1.000000e+25 & 1.000000e+25 & 
1945060206 130.369995 12.490000 1.000000e+25 & 1.000000e+25 & 
1945060212 129.500000 13.000000 1.000000e+25 & 1.000000e+25 & 
1945060218 129.279999 13.980000 1.000000e+25 & 1.000000e+25 & 
1945060300 129.199997 15.000000 1.000000e+25 & 1.000000e+25 & 
1945060306 129.080002 15.990000 1.000000e+25 & 1.000000e+25 & 
1945060312 129.000000 17.000000 1.000000e+25 & 1.000000e+25 & 
1945060318 129.399994 18.200001 1.000000e+25 & 1.000000e+25 & 
1945060400 130.000000 19.400000 1.000000e+25 & 1.000000e+25 & 
1945060406 130.399994 20.400000 1.000000e+25 & 1.000000e+25 & 
1945060412 131.000000 21.500000 1.000000e+25 & 1.000000e+25 & 
1945060418 132.009995 22.959999 1.000000e+25 & 1.000000e+25 & 
1945060500 133.300003 24.299999 1.000000e+25 & 1.000000e+25 & 
1945060506 134.669998 25.709999 1.000000e+25 & 1.000000e+25 & 
1945060512 136.000000 27.000000 1.000000e+25 & 1.000000e+25 & 
1945060518 137.600006 28.000000 1.000000e+25 & 1.000000e+25 & 
1945060600 139.000000 29.000000 1.000000e+25 & 1.000000e+25 & 
1945060606 140.479996 30.020000 1.000000e+25 & 1.000000e+25 & 
1945060612 142.000000 31.000000 1.000000e+25 & 1.000000e+25 & 
1945060618 143.880005 31.520000 1.000000e+25 & 1.000000e+25 & 
1945060700 145.699997 32.000000 1.000000e+25 & 1.000000e+25 & 
1945060706 147.330002 32.570000 1.000000e+25 & 1.000000e+25 & 
1945060712 149.000000 33.000000 1.000000e+25 & 1.000000e+25 & 
TRACK_ID  8 START_TIME 1945061812
POINT_NUM  13
1945061812 134.000000 13.000000 1.000000e+25 & 1.000000e+25 & 
1945061818 134.399994 14.000000 1.000000e+25 & 1.000000e+25 & 
1945061900 134.899994 15.000000 1.000000e+25 & 1.000000e+25 & 
1945061906 135.500000 15.990000 1.000000e+25 & 1.000000e+25 & 
1945061912 136.000000 17.000000 1.000000e+25 & 1.000000e+25 & 
1945061918 136.220001 18.180000 1.000000e+25 & 1.000000e+25 & 
1945062000 136.500000 19.299999 1.000000e+25 & 1.000000e+25 & 
1945062006 136.669998 20.400000 1.000000e+25 & 1.000000e+25 & 
1945062012 137.000000 21.500000 1.000000e+25 & 1.000000e+25 & 
1945062018 138.449997 22.690001 1.000000e+25 & 1.000000e+25 & 
1945062100 140.000000 23.799999 1.000000e+25 & 1.000000e+25 & 
1945062106 141.509995 24.900000 1.000000e+25 & 1.000000e+25 & 
1945062112 143.000000 26.000000 1.000000e+25 & 1.000000e+25 & 
TRACK_ID  9 START_TIME 1945062012
POINT_NUM  57
1945062012 274.299988 19.000000 1.000000e+25 & 1.801000e+01 & 
1945062018 274.100006 19.500000 1.000000e+25 & 2.058000e+01 & 
1945062100 273.899994 20.000000 1.000000e+25 & 2.058000e+01 & 
1945062106 273.799988 20.600000 1.000000e+25 & 2.058000e+01 & 
1945062112 273.700012 21.400000 1.000000e+25 & 2.058000e+01 & 
1945062118 273.700012 22.200001 1.000000e+25 & 2.058000e+01 & 
1945062200 273.600006 23.000000 1.000000e+25 & 2.058000e+01 & 
1945062206 273.600006 23.799999 1.000000e+25 & 2.315000e+01 & 
1945062212 273.500000 24.500000 1.000000e+25 & 2.315000e+01 & 
1945062218 273.399994 25.200001 1.000000e+25 & 2.572000e+01 & 
1945062300 273.399994 25.900000 1.000000e+25 & 2.572000e+01 & 
1945062306 273.399994 26.600000 1.000000e+25 & 2.829000e+01 & 
1945062312 273.500000 27.200001 1.000000e+25 & 3.601000e+01 & 
1945062318 274.000000 27.600000 1.000000e+25 & 4.373000e+01 & 
1945062400 275.000000 28.000000 1.000000e+25 & 4.116000e+01 & 
1945062406 276.500000 28.500000 1.000000e+25 & 3.601000e+01 & 
1945062412 278.000000 29.000000 1.000000e+25 & 2.572000e+01 & 
1945062418 279.000000 29.799999 1.000000e+25 & 3.087000e+01 & 
1945062500 279.899994 30.700001 1.000000e+25 & 3.344000e+01 & 
1945062506 280.700012 31.700001 1.000000e+25 & 3.344000e+01 & 
1945062512 281.500000 32.799999 1.000000e+25 & 3.344000e+01 & 
1945062518 282.500000 33.799999 1.000000e+25 & 3.344000e+01 & 
1945062600 283.299988 34.599998 1.000000e+25 & 3.344000e+01 & 
1945062606 284.500000 35.799999 1.000000e+25 & 3.344000e+01 & 
1945062612 286.200012 37.299999 1.000000e+25 & 3.344000e+01 & 
1945062618 287.700012 38.400002 1.000000e+25 & 3.344000e+01 & 
1945062700 288.899994 39.400002 1.000000e+25 & 3.344000e+01 & 
1945062706 289.899994 40.200001 1.000000e+25 & 3.344000e+01 & 
1945062712 291.000000 40.799999 1.000000e+25 & 3.344000e+01 & 
1945062718 291.899994 41.299999 1.000000e+25 & 2.829000e+01 & 
1945062800 292.700012 41.700001 1.000000e+25 & 2.315000e+01 & 
1945062806 293.500000 41.900002 1.000000e+25 & 2.315000e+01 & 
1945062812 294.500000 42.200001 1.000000e+25 & 2.315000e+01 & 
1945062818 295.600006 42.599998 1.000000e+25 & 2.058000e+01 & 
1945062900 296.799988 43.099998 1.000000e+25 & 2.058000e+01 & 
1945062906 298.299988 43.799999 1.000000e+25 & 2.058000e+01 & 
1945062912 300.000000 44.799999 1.000000e+25 & 2.058000e+01 & 
1945062918 301.700012 45.900002 1.000000e+25 & 2.058000e+01 & 
1945063000 303.399994 47.099998 1.000000e+25 & 1.801000e+01 & 
1945063006 305.200012 48.500000 1.000000e+25 & 1.801000e+01 & 
1945063012 307.000000 50.000000 1.000000e+25 & 1.801000e+01 & 
1945063018 309.500000 51.700001 1.000000e+25 & 1.801000e+01 & 
1945070100 312.500000 53.599998 1.000000e+25 & 1.801000e+01 & 
1945070106 315.799988 55.799999 1.000000e+25 & 1.801000e+01 & 
1945070112 318.799988 57.799999 1.000000e+25 & 1.801000e+01 & 
1945070118 321.000000 59.299999 1.000000e+25 & 1.801000e+01 & 
1945070200 322.700012 60.299999 1.000000e+25 & 2.058000e+01 & 
1945070206 324.200012 60.700001 1.000000e+25 & 2.058000e+01 & 
1945070212 325.500000 61.000000 1.000000e+25 & 2.058000e+01 & 
1945070218 326.700012 61.200001 1.000000e+25 & 2.058000e+01 & 
1945070300 327.700012 61.400002 1.000000e+25 & 1.801000e+01 & 
1945070306 328.700012 61.700001 1.000000e+25 & 1.801000e+01 & 
1945070312 330.000000 62.000000 1.000000e+25 & 1.543000e+01 & 
1945070318 331.399994 62.400002 1.000000e+25 & 1.543000e+01 & 
1945070400 332.899994 62.900002 1.000000e+25 & 1.543000e+01 & 
1945070406 334.399994 63.599998 1.000000e+25 & 1.543000e+01 & 
1945070412 336.000000 64.500000 1.000000e+25 & 1.286000e+01 & 
TRACK_ID  12 START_TIME 1945070312
POINT_NUM  20
1945070312 113.099998 14.200000 1.000000e+25 & 1.000000e+25 & 
1945070318 113.400002 14.500000 1.000000e+25 & 1.000000e+25 & 
1945070400 113.699997 14.800000 1.000000e+25 & 1.000000e+25 & 
1945070406 113.930000 15.180000 1.000000e+25 & 1.000000e+25 & 
1945070412 114.300003 15.500000 1.000000e+25 & 1.000000e+25 & 
1945070418 114.419998 15.980000 1.000000e+25 & 1.000000e+25 & 
1945070500 114.699997 16.400000 1.000000e+25 & 1.000000e+25 & 
1945070506 115.000000 16.809999 1.000000e+25 & 1.000000e+25 & 
1945070512 115.300003 17.299999 1.000000e+25 & 1.000000e+25 & 
1945070518 115.410004 17.900000 1.000000e+25 & 1.000000e+25 & 
1945070600 115.500000 18.500000 1.000000e+25 & 1.000000e+25 & 
1945070606 115.510002 19.010000 1.000000e+25 & 1.000000e+25 & 
1945070612 115.400002 19.600000 1.000000e+25 & 1.000000e+25 & 
1945070618 114.919998 20.190001 1.000000e+25 & 1.000000e+25 & 
1945070700 114.400002 20.700001 1.000000e+25 & 1.000000e+25 & 
1945070706 113.980003 21.170000 1.000000e+25 & 1.000000e+25 & 
1945070712 113.400002 21.500000 1.000000e+25 & 1.000000e+25 & 
1945070718 112.809998 22.080000 1.000000e+25 & 1.000000e+25 & 
1945070800 112.300003 22.600000 1.000000e+25 & 1.000000e+25 & 
1945070806 111.599998 23.200001 1.000000e+25 & 1.000000e+25 & 
TRACK_ID  10 START_TIME 1945062518
POINT_NUM  18
1945062518 84.699997 22.900000 1.000000e+25 & 1.000000e+25 & 
1945062600 84.400002 23.000000 1.000000e+25 & 1.000000e+25 & 
1945062606 84.010002 23.010000 1.000000e+25 & 1.000000e+25 & 
1945062612 83.709999 23.090000 1.000000e+25 & 1.000000e+25 & 
1945062618 83.489998 23.110001 1.000000e+25 & 1.000000e+25 & 
1945062700 83.209999 23.190001 1.000000e+25 & 1.000000e+25 & 
1945062706 83.010002 23.209999 1.000000e+25 & 1.000000e+25 & 
1945062712 82.730003 23.309999 1.000000e+25 & 1.000000e+25 & 
1945062718 82.059998 23.490000 1.000000e+25 & 1.000000e+25 & 
1945062800 80.620003 23.610001 1.000000e+25 & 1.000000e+25 & 
1945062806 79.489998 23.790001 1.000000e+25 & 1.000000e+25 & 
1945062812 78.580002 23.990000 1.000000e+25 & 1.000000e+25 & 
1945062818 77.599998 24.299999 1.000000e+25 & 1.000000e+25 & 
1945062900 76.669998 24.700001 1.000000e+25 & 1.000000e+25 & 
1945062906 75.820000 25.010000 1.000000e+25 & 1.000000e+25 & 
1945062912 75.379997 25.200001 1.000000e+25 & 1.000000e+25 & 
1945062918 74.809998 25.400000 1.000000e+25 & 1.000000e+25 & 
1945063000 74.209999 25.680000 1.000000e+25 & 1.000000e+25 & 
TRACK_ID  13 START_TIME 1945070618
POINT_NUM  10
1945070618 89.099998 19.500000 1.000000e+25 & 1.000000e+25 & 
1945070700 89.000000 19.799999 1.000000e+25 & 1.000000e+25 & 
1945070706 88.790001 20.010000 1.000000e+25 & 1.000000e+25 & 
1945070712 88.510002 20.309999 1.000000e+25 & 1.000000e+25 & 
1945070718 88.290001 20.690001 1.000000e+25 & 1.000000e+25 & 
1945070800 88.010002 21.000000 1.000000e+25 & 1.000000e+25 & 
1945070806 87.779999 21.190001 1.000000e+25 & 1.000000e+25 & 
1945070812 87.419998 21.200001 1.000000e+25 & 1.000000e+25 & 
1945070818 87.190002 21.209999 1.000000e+25 & 1.000000e+25 & 
1945070900 86.910004 21.280001 1.000000e+25 & 1.000000e+25 & 
TRACK_ID  14 START_TIME 1945070800
POINT_NUM  35
1945070800 141.490005 7.390000 1.000000e+25 & 1.000000e+25 & 
1945070806 144.119995 7.660000 1.000000e+25 & 1.000000e+25 & 
1945070812 146.910004 8.230000 1.000000e+25 & 1.000000e+25 & 
1945070818 149.190002 9.100000 1.000000e+25 & 1.000000e+25 & 
1945070900 149.580002 10.130000 1.000000e+25 & 1.000000e+25 & 
1945070906 148.050003 11.220000 1.000000e+25 & 1.000000e+25 & 
1945070912 145.960007 12.100000 1.000000e+25 & 1.000000e+25 & 
1945070918 143.820007 12.730000 1.000000e+25 & 1.000000e+25 & 
1945071000 142.589996 13.260000 1.000000e+25 & 1.000000e+25 & 
1945071006 142.300003 13.750000 1.000000e+25 & 1.000000e+25 & 
1945071012 141.960007 14.320000 1.000000e+25 & 1.000000e+25 & 
1945071018 141.369995 14.950000 1.000000e+25 & 1.000000e+25 & 
1945071100 140.589996 15.430000 1.000000e+25 & 1.000000e+25 & 
1945071106 139.630005 15.650000 1.000000e+25 & 1.000000e+25 & 
1945071112 138.520004 15.340000 1.000000e+25 & 1.000000e+25 & 
1945071118 137.339996 14.600000 1.000000e+25 & 1.000000e+25 & 
1945071200 136.360001 14.180000 1.000000e+25 & 1.000000e+25 & 
1945071206 135.589996 14.200000 1.000000e+25 & 1.000000e+25 & 
1945071212 134.740005 14.390000 1.000000e+25 & 1.000000e+25 & 
1945071218 133.779999 14.730000 1.000000e+25 & 1.000000e+25 & 
1945071300 132.889999 15.350000 1.000000e+25 & 1.000000e+25 & 
1945071306 132.029999 16.200001 1.000000e+25 & 1.000000e+25 & 
1945071312 130.789993 16.969999 1.000000e+25 & 1.000000e+25 & 
1945071318 129.220001 17.549999 1.000000e+25 & 1.000000e+25 & 
1945071400 127.910004 17.709999 1.000000e+25 & 1.000000e+25 & 
1945071406 126.970001 17.469999 1.000000e+25 & 1.000000e+25 & 
1945071412 126.269997 17.160000 1.000000e+25 & 1.000000e+25 & 
1945071418 125.779999 16.840000 1.000000e+25 & 1.000000e+25 & 
1945071500 125.449997 16.580000 1.000000e+25 & 1.000000e+25 & 
1945071506 125.180000 16.379999 1.000000e+25 & 1.000000e+25 & 
1945071512 124.639999 16.309999 1.000000e+25 & 1.000000e+25 & 
1945071518 123.949997 16.270000 1.000000e+25 & 1.000000e+25 & 
1945071600 123.889999 15.600000 1.000000e+25 & 1.000000e+25 & 
1945071606 124.540001 14.440000 1.000000e+25 & 1.000000e+25 & 
1945071612 125.519997 14.140000 1.000000e+25 & 1.000000e+25 & 
TRACK_ID  15 START_TIME 1945071412
POINT_NUM  31
1945071412 132.600006 9.300000 1.000000e+25 & 1.000000e+25 & 
1945071418 131.910004 9.980000 1.000000e+25 & 1.000000e+25 & 
1945071500 131.300003 10.600000 1.000000e+25 & 1.000000e+25 & 
1945071506 130.690002 11.320000 1.000000e+25 & 1.000000e+25 & 
1945071512 130.000000 12.200000 1.000000e+25 & 1.000000e+25 & 
1945071518 129.399994 12.980000 1.000000e+25 & 1.000000e+25 & 
1945071600 128.800003 13.600000 1.000000e+25 & 1.000000e+25 & 
1945071606 128.190002 14.290000 1.000000e+25 & 1.000000e+25 & 
1945071612 127.599998 14.900000 1.000000e+25 & 1.000000e+25 & 
1945071618 127.059998 15.350000 1.000000e+25 & 1.000000e+25 & 
1945071700 126.839996 16.030001 1.000000e+25 & 1.000000e+25 & 
1945071706 126.360001 16.959999 1.000000e+25 & 1.000000e+25 & 
1945071712 125.970001 17.950001 1.000000e+25 & 1.000000e+25 & 
1945071718 125.470001 18.980000 1.000000e+25 & 1.000000e+25 & 
1945071800 125.279999 19.850000 1.000000e+25 & 1.000000e+25 & 
1945071806 125.129997 20.820000 1.000000e+25 & 1.000000e+25 & 
1945071812 125.099998 21.790001 1.000000e+25 & 1.000000e+25 & 
1945071818 125.150002 22.840000 1.000000e+25 & 1.000000e+25 & 
1945071900 125.570000 23.940001 1.000000e+25 & 1.000000e+25 & 
1945071906 126.150002 25.030001 1.000000e+25 & 1.000000e+25 & 
1945071912 126.769997 26.170000 1.000000e+25 & 1.000000e+25 & 
1945071918 127.269997 27.299999 1.000000e+25 & 1.000000e+25 & 
1945072000 127.930000 28.480000 1.000000e+25 & 1.000000e+25 & 
1945072006 129.029999 29.889999 1.000000e+25 & 1.000000e+25 & 
1945072012 131.470001 31.440001 1.000000e+25 & 1.000000e+25 & 
1945072018 134.240005 32.669998 1.000000e+25 & 1.000000e+25 & 
1945072100 137.500000 33.500000 1.000000e+25 & 1.000000e+25 & 
1945072106 140.600006 33.799999 1.000000e+25 & 1.000000e+25 & 
1945072112 141.500000 35.000000 1.000000e+25 & 1.000000e+25 & 
1945072118 143.000000 35.000000 1.000000e+25 & 1.000000e+25 & 
1945072200 145.000000 35.000000 1.000000e+25 & 1.000000e+25 & 
TRACK_ID  16 START_TIME 1945071906
POINT_NUM  13
1945071906 270.000000 25.700001 1.000000e+25 & 1.543000e+01 & 
1945071912 269.200012 26.000000 1.000000e+25 & 1.543000e+01 & 
1945071918 268.500000 26.299999 1.000000e+25 & 1.543000e+01 & 
1945072000 267.799988 26.600000 1.000000e+25 & 1.801000e+01 & 
1945072006 267.200012 26.799999 1.000000e+25 & 1.801000e+01 & 
1945072012 266.600006 27.000000 1.000000e+25 & 1.801000e+01 & 
1945072018 266.100006 27.299999 1.000000e+25 & 1.801000e+01 & 
1945072100 265.600006 27.600000 1.000000e+25 & 1.801000e+01 & 
1945072106 265.100006 27.799999 1.000000e+25 & 1.801000e+01 & 
1945072112 264.600006 27.799999 1.000000e+25 & 1.801000e+01 & 
1945072118 264.200012 27.600000 1.000000e+25 & 1.801000e+01 & 
1945072200 263.799988 27.200001 1.000000e+25 & 1.543000e+01 & 
1945072206 263.100006 26.900000 1.000000e+25 & 1.286000e+01 & 
TRACK_ID  17 START_TIME 1945072018
POINT_NUM  6
1945072018 88.099998 17.299999 1.000000e+25 & 1.000000e+25 & 
1945072100 88.099998 17.600000 1.000000e+25 & 1.000000e+25 & 
1945072106 88.089996 18.110001 1.000000e+25 & 1.000000e+25 & 
1945072112 88.010002 18.730000 1.000000e+25 & 1.000000e+25 & 
1945072118 87.900002 19.490000 1.000000e+25 & 1.000000e+25 & 
1945072200 87.699997 20.209999 1.000000e+25 & 1.000000e+25 & 
TRACK_ID  18 START_TIME 1945072018
POINT_NUM  9
1945072018 130.720001 35.070000 1.000000e+25 & 1.000000e+25 & 
1945072100 132.350006 35.980000 1.000000e+25 & 1.000000e+25 & 
1945072106 134.240005 36.599998 1.000000e+25 & 1.000000e+25 & 
1945072112 136.259995 37.680000 1.000000e+25 & 1.000000e+25 & 
1945072118 138.220001 39.189999 1.000000e+25 & 1.000000e+25 & 
1945072200 139.190002 40.139999 1.000000e+25 & 1.000000e+25 & 
1945072206 139.119995 40.480000 1.000000e+25 & 1.000000e+25 & 
1945072212 138.960007 40.759998 1.000000e+25 & 1.000000e+25 & 
1945072218 139.080002 41.169998 1.000000e+25 & 1.000000e+25 & 
TRACK_ID  20 START_TIME 1945072212
POINT_NUM  5
1945072212 118.000000 17.000000 1.000000e+25 & 1.000000e+25 & 
1945072218 117.500000 18.100000 1.000000e+25 & 1.000000e+25 & 
1945072300 117.000000 19.200001 1.000000e+25 & 1.000000e+25 & 
1945072306 116.500000 20.309999 1.000000e+25 & 1.000000e+25 & 
1945072312 116.000000 21.500000 1.000000e+25 & 1.000000e+25 & 
TRACK_ID  21 START_TIME 1945072600
POINT_NUM  48
1945072600 141.279999 22.889999 1.000000e+25 & 1.000000e+25 & 
1945072606 141.029999 24.010000 1.000000e+25 & 1.000000e+25 & 
1945072612 140.190002 24.350000 1.000000e+25 & 1.000000e+25 & 
1945072618 138.860001 24.010000 1.000000e+25 & 1.000000e+25 & 
1945072700 137.669998 23.709999 1.000000e+25 & 1.000000e+25 & 
1945072706 136.690002 23.620001 1.000000e+25 & 1.000000e+25 & 
1945072712 135.630005 23.610001 1.000000e+25 & 1.000000e+25 & 
1945072718 134.500000 23.670000 1.000000e+25 & 1.000000e+25 & 
1945072800 133.600006 23.709999 1.000000e+25 & 1.000000e+25 & 
1945072806 132.929993 23.719999 1.000000e+25 & 1.000000e+25 & 
1945072812 132.179993 23.650000 1.000000e+25 & 1.000000e+25 & 
1945072818 131.350006 23.540001 1.000000e+25 & 1.000000e+25 & 
1945072900 130.729996 23.500000 1.000000e+25 & 1.000000e+25 & 
1945072906 130.350006 23.559999 1.000000e+25 & 1.000000e+25 & 
1945072912 130.050003 23.620001 1.000000e+25 & 1.000000e+25 & 
1945072918 129.809998 23.709999 1.000000e+25 & 1.000000e+25 & 
1945073000 129.559998 23.950001 1.000000e+25 & 1.000000e+25 & 
1945073006 129.300003 24.330000 1.000000e+25 & 1.000000e+25 & 
1945073012 129.119995 24.620001 1.000000e+25 & 1.000000e+25 & 
1945073018 129.020004 24.809999 1.000000e+25 & 1.000000e+25 & 
1945073100 128.990005 25.000000 1.000000e+25 & 1.000000e+25 & 
1945073106 129.000000 25.200001 1.000000e+25 & 1.000000e+25 & 
1945073112 128.970001 25.389999 1.000000e+25 & 1.000000e+25 & 
1945073118 128.910004 25.580000 1.000000e+25 & 1.000000e+25 & 
1945080100 128.919998 25.860001 1.000000e+25 & 1.000000e+25 & 
1945080106 128.990005 26.230000 1.000000e+25 & 1.000000e+25 & 
1945080112 129.020004 26.469999 1.000000e+25 & 1.000000e+25 & 
1945080118 128.949997 26.670000 1.000000e+25 & 1.000000e+25 & 
1945080200 128.500000 27.290001 1.000000e+25 & 1.000000e+25 & 
1945080206 127.690002 28.370001 1.000000e+25 & 1.000000e+25 & 
1945080212 126.919998 29.510000 1.000000e+25 & 1.000000e+25 & 
1945080218 126.370003 30.790001 1.000000e+25 & 1.000000e+25 & 
1945080300 126.599998 32.930000 1.000000e+25 & 1.000000e+25 & 
1945080306 127.440002 35.880001 1.000000e+25 & 1.000000e+25 & 
1945080312 127.080002 38.900002 1.000000e+25 & 1.000000e+25 & 
1945080318 125.430000 41.650002 1.000000e+25 & 1.000000e+25 & 
1945080400 124.750000 43.369999 1.000000e+25 & 1.000000e+25 & 
1945080406 125.379997 44.139999 1.000000e+25 & 1.000000e+25 & 
1945080412 125.959999 45.130001 1.000000e+25 & 1.000000e+25 & 
1945080418 126.430000 46.450001 1.000000e+25 & 1.000000e+25 & 
1945080500 127.629997 47.410000 1.000000e+25 & 1.000000e+25 & 
1945080506 129.600006 47.900002 1.000000e+25 & 1.000000e+25 & 
1945080512 131.839996 48.049999 1.000000e+25 & 1.000000e+25 & 
1945080518 134.080002 47.919998 1.000000e+25 & 1.000000e+25 & 
1945080600 135.649994 47.639999 1.000000e+25 & 1.000000e+25 & 
1945080606 136.570007 47.349998 1.000000e+25 & 1.000000e+25 & 
1945080612 137.509995 47.369999 1.000000e+25 & 1.000000e+25 & 
1945080618 138.729996 47.750000 1.000000e+25 & 1.000000e+25 & 
TRACK_ID  23 START_TIME 1945080200
POINT_NUM  12
1945080200 301.700012 13.600000 1.000000e+25 & 1.801000e+01 & 
1945080206 301.100006 14.100000 1.000000e+25 & 2.058000e+01 & 
1945080212 300.299988 14.500000 1.000000e+25 & 2.058000e+01 & 
1945080218 299.299988 15.000000 1.000000e+25 & 2.315000e+01 & 
1945080300 298.000000 15.600000 1.000000e+25 & 2.315000e+01 & 
1945080306 296.700012 16.100000 1.000000e+25 & 2.572000e+01 & 
1945080312 295.299988 16.600000 1.000000e+25 & 2.572000e+01 & 
1945080318 293.799988 16.900000 1.000000e+25 & 2.572000e+01 & 
1945080400 292.500000 17.200001 1.000000e+25 & 2.572000e+01 & 
1945080406 291.299988 17.600000 1.000000e+25 & 2.572000e+01 & 
1945080412 290.000000 18.100000 1.000000e+25 & 2.572000e+01 & 
1945080418 288.700012 18.700001 1.000000e+25 & 1.543000e+01 & 
TRACK_ID  19 START_TIME 1945072312
POINT_NUM  30
1945072312 138.149994 10.450000 1.000000e+25 & 1.000000e+25 & 
1945072318 140.339996 12.420000 1.000000e+25 & 1.000000e+25 & 
1945072400 142.139999 14.070000 1.000000e+25 & 1.000000e+25 & 
1945072406 143.509995 15.360000 1.000000e+25 & 1.000000e+25 & 
1945072412 144.679993 16.400000 1.000000e+25 & 1.000000e+25 & 
1945072418 145.710007 17.270000 1.000000e+25 & 1.000000e+25 & 
1945072500 146.729996 18.180000 1.000000e+25 & 1.000000e+25 & 
1945072506 147.789993 19.139999 1.000000e+25 & 1.000000e+25 & 
1945072512 148.839996 20.080000 1.000000e+25 & 1.000000e+25 & 
1945072518 149.830002 20.959999 1.000000e+25 & 1.000000e+25 & 
1945072600 150.440002 21.549999 1.000000e+25 & 1.000000e+25 & 
1945072606 150.699997 21.870001 1.000000e+25 & 1.000000e+25 & 
1945072612 150.970001 22.139999 1.000000e+25 & 1.000000e+25 & 
1945072618 151.330002 22.420000 1.000000e+25 & 1.000000e+25 & 
1945072700 151.679993 22.840000 1.000000e+25 & 1.000000e+25 & 
1945072706 151.990005 23.400000 1.000000e+25 & 1.000000e+25 & 
1945072712 152.960007 23.129999 1.000000e+25 & 1.000000e+25 & 
1945072718 153.240005 23.469999 1.000000e+25 & 1.000000e+25 & 
1945072800 152.949997 24.190001 1.000000e+25 & 1.000000e+25 & 
1945072806 152.699997 25.080000 1.000000e+25 & 1.000000e+25 & 
1945072812 152.339996 26.049999 1.000000e+25 & 1.000000e+25 & 
1945072818 152.250000 26.959999 1.000000e+25 & 1.000000e+25 & 
1945072900 152.169998 27.830000 1.000000e+25 & 1.000000e+25 & 
1945072906 151.949997 28.580000 1.000000e+25 & 1.000000e+25 & 
1945072912 151.429993 28.820000 1.000000e+25 & 1.000000e+25 & 
1945072918 150.419998 28.270000 1.000000e+25 & 1.000000e+25 & 
1945073000 149.770004 28.809999 1.000000e+25 & 1.000000e+25 & 
1945073006 148.869995 29.580000 1.000000e+25 & 1.000000e+25 & 
1945073012 148.580002 30.420000 1.000000e+25 & 1.000000e+25 & 
1945073018 149.100006 31.280001 1.000000e+25 & 1.000000e+25 & 
TRACK_ID  24 START_TIME 1945080512
POINT_NUM  17
1945080512 123.500000 15.500000 1.000000e+25 & 1.000000e+25 & 
1945080518 122.410004 16.000000 1.000000e+25 & 1.000000e+25 & 
1945080600 121.400002 16.500000 1.000000e+25 & 1.000000e+25 & 
1945080606 120.400002 17.010000 1.000000e+25 & 1.000000e+25 & 
1945080612 119.500000 17.500000 1.000000e+25 & 1.000000e+25 & 
1945080618 118.870003 17.700001 1.000000e+25 & 1.000000e+25 & 
1945080700 118.099998 17.799999 1.000000e+25 & 1.000000e+25 & 
1945080706 117.300003 17.889999 1.000000e+25 & 1.000000e+25 & 
1945080712 116.500000 18.000000 1.000000e+25 & 1.000000e+25 & 
1945080718 115.650002 18.379999 1.000000e+25 & 1.000000e+25 & 
1945080800 115.099998 18.700001 1.000000e+25 & 1.000000e+25 & 
1945080806 114.220001 19.030001 1.000000e+25 & 1.000000e+25 & 
1945080812 113.500000 19.500000 1.000000e+25 & 1.000000e+25 & 
1945080818 112.989998 19.809999 1.000000e+25 & 1.000000e+25 & 
1945080900 112.500000 20.200001 1.000000e+25 & 1.000000e+25 & 
1945080906 112.000000 20.670000 1.000000e+25 & 1.000000e+25 & 
1945080912 111.500000 21.000000 1.000000e+25 & 1.000000e+25 & 
TRACK_ID  26 START_TIME 1945081512
POINT_NUM  38
1945081512 161.000000 17.000000 1.000000e+25 & 1.000000e+25 & 
1945081518 160.100006 17.500000 1.000000e+25 & 1.000000e+25 & 
1945081600 159.300003 18.000000 1.000000e+25 & 1.000000e+25 & 
1945081606 158.750000 18.420000 1.000000e+25 & 1.000000e+25 & 
1945081612 158.000000 19.000000 1.000000e+25 & 1.000000e+25 & 
1945081618 157.479996 19.500000 1.000000e+25 & 1.000000e+25 & 
1945081700 156.899994 20.000000 1.000000e+25 & 1.000000e+25 & 
1945081706 156.500000 20.430000 1.000000e+25 & 1.000000e+25 & 
1945081712 156.000000 21.000000 1.000000e+25 & 1.000000e+25 & 
1945081718 155.220001 21.320000 1.000000e+25 & 1.000000e+25 & 
1945081800 154.500000 21.700001 1.000000e+25 & 1.000000e+25 & 
1945081806 153.710007 22.020000 1.000000e+25 & 1.000000e+25 & 
1945081812 153.000000 22.500000 1.000000e+25 & 1.000000e+25 & 
1945081818 152.110001 23.000000 1.000000e+25 & 1.000000e+25 & 
1945081900 151.399994 23.500000 1.000000e+25 & 1.000000e+25 & 
1945081906 150.839996 23.910000 1.000000e+25 & 1.000000e+25 & 
1945081912 150.500000 24.500000 1.000000e+25 & 1.000000e+25 & 
1945081918 149.559998 25.299999 1.000000e+25 & 1.000000e+25 & 
1945082000 149.000000 26.200001 1.000000e+25 & 1.000000e+25 & 
1945082006 148.429993 27.110001 1.000000e+25 & 1.000000e+25 & 
1945082012 148.000000 28.000000 1.000000e+25 & 1.000000e+25 & 
1945082018 147.039993 28.440001 1.000000e+25 & 1.000000e+25 & 
1945082100 146.199997 29.000000 1.000000e+25 & 1.000000e+25 & 
1945082106 145.229996 29.570000 1.000000e+25 & 1.000000e+25 & 
1945082112 144.500000 30.000000 1.000000e+25 & 1.000000e+25 & 
1945082118 143.779999 30.700001 1.000000e+25 & 1.000000e+25 & 
1945082200 142.880005 31.520000 1.000000e+25 & 1.000000e+25 & 
1945082206 142.179993 32.509998 1.000000e+25 & 1.000000e+25 & 
1945082212 141.369995 33.680000 1.000000e+25 & 1.000000e+25 & 
1945082218 139.649994 35.310001 1.000000e+25 & 1.000000e+25 & 
1945082300 138.380005 36.349998 1.000000e+25 & 1.000000e+25 & 
1945082306 137.679993 37.540001 1.000000e+25 & 1.000000e+25 & 
1945082312 137.399994 38.900002 1.000000e+25 & 1.000000e+25 & 
1945082318 137.529999 40.410000 1.000000e+25 & 1.000000e+25 & 
1945082400 137.889999 41.990002 1.000000e+25 & 1.000000e+25 & 
1945082406 138.369995 43.599998 1.000000e+25 & 1.000000e+25 & 
1945082412 138.779999 45.189999 1.000000e+25 & 1.000000e+25 & 
1945082418 139.009995 46.730000 1.000000e+25 & 1.000000e+25 & 
TRACK_ID  28 START_TIME 1945081718
POINT_NUM  15
1945081718 306.500000 17.400000 1.000000e+25 & 1.801000e+01 & 
1945081800 305.100006 17.700001 1.000000e+25 & 2.315000e+01 & 
1945081806 303.600006 17.900000 1.000000e+25 & 2.829000e+01 & 
1945081812 302.000000 18.200001 1.000000e+25 & 3.087000e+01 & 
1945081818 300.299988 18.500000 1.000000e+25 & 3.087000e+01 & 
1945081900 298.500000 18.799999 1.000000e+25 & 3.087000e+01 & 
1945081906 296.700012 19.200001 1.000000e+25 & 2.829000e+01 & 
1945081912 295.000000 19.600000 1.000000e+25 & 2.572000e+01 & 
1945081918 293.299988 20.100000 1.000000e+25 & 2.572000e+01 & 
1945082000 291.700012 20.600000 1.000000e+25 & 2.315000e+01 & 
1945082006 290.100006 21.100000 1.000000e+25 & 2.058000e+01 & 
1945082012 288.200012 21.400000 1.000000e+25 & 2.058000e+01 & 
1945082018 286.200012 21.600000 1.000000e+25 & 1.801000e+01 & 
1945082100 284.399994 21.799999 1.000000e+25 & 1.543000e+01 & 
1945082106 282.799988 22.000000 1.000000e+25 & 1.286000e+01 & 
TRACK_ID  25 START_TIME 1945080912
POINT_NUM  17
1945080912 149.000000 22.000000 1.000000e+25 & 1.000000e+25 & 
1945080918 148.429993 23.219999 1.000000e+25 & 1.000000e+25 & 
1945081000 148.000000 24.600000 1.000000e+25 & 1.000000e+25 & 
1945081006 147.490005 25.760000 1.000000e+25 & 1.000000e+25 & 
1945081012 147.000000 27.000000 1.000000e+25 & 1.000000e+25 & 
1945081018 146.690002 27.440001 1.000000e+25 & 1.000000e+25 & 
1945081100 146.399994 27.900000 1.000000e+25 & 1.000000e+25 & 
1945081106 146.169998 28.480000 1.000000e+25 & 1.000000e+25 & 
1945081112 146.000000 29.000000 1.000000e+25 & 1.000000e+25 & 
1945081118 146.399994 29.690001 1.000000e+25 & 1.000000e+25 & 
1945081200 147.000000 30.400000 1.000000e+25 & 1.000000e+25 & 
1945081206 147.330002 31.120001 1.000000e+25 & 1.000000e+25 & 
1945081212 148.000000 32.000000 1.000000e+25 & 1.000000e+25 & 
1945081218 148.979996 32.810001 1.000000e+25 & 1.000000e+25 & 
1945081300 150.000000 33.700001 1.000000e+25 & 1.000000e+25 & 
1945081306 150.929993 34.599998 1.000000e+25 & 1.000000e+25 & 
1945081312 152.000000 35.500000 1.000000e+25 & 1.000000e+25 & 
TRACK_ID  30 START_TIME 1945082200
POINT_NUM  25
1945082200 131.300003 21.700001 1.000000e+25 & 1.000000e+25 & 
1945082206 132.479996 22.000000 1.000000e+25 & 1.000000e+25 & 
1945082212 133.500000 22.400000 1.000000e+25 & 1.000000e+25 & 
1945082218 134.490005 23.000000 1.000000e+25 & 1.000000e+25 & 
1945082300 135.300003 23.700001 1.000000e+25 & 1.000000e+25 & 
1945082306 136.009995 24.219999 1.000000e+25 & 1.000000e+25 & 
1945082312 136.600006 24.900000 1.000000e+25 & 1.000000e+25 & 
1945082318 137.089996 25.680000 1.000000e+25 & 1.000000e+25 & 
1945082400 137.300003 26.500000 1.000000e+25 & 1.000000e+25 & 
1945082406 137.369995 27.709999 1.000000e+25 & 1.000000e+25 & 
1945082412 137.000000 29.000000 1.000000e+25 & 1.000000e+25 & 
1945082418 136.490005 30.000000 1.000000e+25 & 1.000000e+25 & 
1945082500 135.800003 30.900000 1.000000e+25 & 1.000000e+25 & 
1945082506 135.110001 31.990000 1.000000e+25 & 1.000000e+25 & 
1945082512 134.500000 33.000000 1.000000e+25 & 1.000000e+25 & 
1945082518 133.800003 34.000000 1.000000e+25 & 1.000000e+25 & 
1945082600 133.199997 35.000000 1.000000e+25 & 1.000000e+25 & 
1945082606 132.789993 36.090000 1.000000e+25 & 1.000000e+25 & 
1945082612 132.500000 37.200001 1.000000e+25 & 1.000000e+25 & 
1945082618 132.300003 38.470001 1.000000e+25 & 1.000000e+25 & 
1945082700 132.399994 39.700001 1.000000e+25 & 1.000000e+25 & 
1945082706 132.889999 41.189999 1.000000e+25 & 1.000000e+25 & 
1945082712 133.699997 42.599998 1.000000e+25 & 1.000000e+25 & 
1945082718 134.789993 43.820000 1.000000e+25 & 1.000000e+25 & 
1945082800 136.000000 45.000000 1.000000e+25 & 1.000000e+25 & 
TRACK_ID  31 START_TIME 1945082312
POINT_NUM  8
1945082312 116.000000 19.000000 1.000000e+25 & 1.000000e+25 & 
1945082318 115.529999 19.809999 1.000000e+25 & 1.000000e+25 & 
1945082400 115.300003 20.600000 1.000000e+25 & 1.000000e+25 & 
1945082406 115.000000 21.270000 1.000000e+25 & 1.000000e+25 & 
1945082412 114.800003 21.700001 1.000000e+25 & 1.000000e+25 & 
1945082418 114.690002 22.280001 1.000000e+25 & 1.000000e+25 & 
1945082500 114.599998 22.700001 1.000000e+25 & 1.000000e+25 & 
1945082506 115.000000 23.900000 1.000000e+25 & 1.000000e+25 & 
TRACK_ID  32 START_TIME 1945082400
POINT_NUM  24
1945082400 265.600006 20.500000 1.000000e+25 & 2.058000e+01 & 
1945082406 265.299988 21.299999 1.000000e+25 & 2.315000e+01 & 
1945082412 265.000000 22.000000 1.000000e+25 & 2.572000e+01 & 
1945082418 264.700012 22.600000 1.000000e+25 & 2.829000e+01 & 
1945082500 264.399994 23.299999 1.000000e+25 & 3.087000e+01 & 
1945082506 264.200012 24.000000 1.000000e+25 & 3.601000e+01 & 
1945082512 264.000000 24.700001 1.000000e+25 & 4.116000e+01 & 
1945082518 263.799988 25.299999 1.000000e+25 & 4.373000e+01 & 
1945082600 263.600006 25.900000 1.000000e+25 & 4.630000e+01 & 
1945082606 263.399994 26.500000 1.000000e+25 & 4.887000e+01 & 
1945082612 263.200012 27.000000 1.000000e+25 & 5.144000e+01 & 
1945082618 263.100006 27.299999 1.000000e+25 & 5.144000e+01 & 
1945082700 263.000000 27.500000 1.000000e+25 & 5.144000e+01 & 
1945082706 263.000000 27.799999 1.000000e+25 & 5.144000e+01 & 
1945082712 263.299988 28.200001 9.630000e+02 & 5.144000e+01 & 
1945082718 263.700012 28.600000 9.660000e+02 & 4.630000e+01 & 
1945082800 263.899994 28.900000 1.000000e+25 & 3.858000e+01 & 
1945082806 264.000000 29.400000 9.800000e+02 & 3.344000e+01 & 
1945082812 263.899994 29.900000 9.870000e+02 & 2.572000e+01 & 
1945082818 263.700012 30.500000 9.930000e+02 & 2.058000e+01 & 
1945082900 263.399994 31.000000 9.980000e+02 & 1.801000e+01 & 
1945082906 262.899994 31.500000 1.002000e+03 & 1.543000e+01 & 
1945082912 262.500000 31.799999 1.006000e+03 & 1.286000e+01 & 
1945082918 262.100006 32.099998 1.009000e+03 & 1.029000e+01 & 
TRACK_ID  27 START_TIME 1945081712
POINT_NUM  50
1945081712 137.039993 15.210000 1.000000e+25 & 1.000000e+25 & 
1945081718 136.380005 15.770000 1.000000e+25 & 1.000000e+25 & 
1945081800 135.869995 16.190001 1.000000e+25 & 1.000000e+25 & 
1945081806 135.529999 16.480000 1.000000e+25 & 1.000000e+25 & 
1945081812 135.279999 16.719999 1.000000e+25 & 1.000000e+25 & 
1945081818 135.089996 16.950001 1.000000e+25 & 1.000000e+25 & 
1945081900 134.880005 17.309999 1.000000e+25 & 1.000000e+25 & 
1945081906 134.630005 17.790001 1.000000e+25 & 1.000000e+25 & 
1945081912 134.399994 18.129999 1.000000e+25 & 1.000000e+25 & 
1945081918 134.160004 18.350000 1.000000e+25 & 1.000000e+25 & 
1945082000 133.809998 18.750000 1.000000e+25 & 1.000000e+25 & 
1945082006 133.309998 19.330000 1.000000e+25 & 1.000000e+25 & 
1945082012 132.660004 19.820000 1.000000e+25 & 1.000000e+25 & 
1945082018 131.899994 20.180000 1.000000e+25 & 1.000000e+25 & 
1945082100 131.130005 20.379999 1.000000e+25 & 1.000000e+25 & 
1945082106 130.380005 20.459999 1.000000e+25 & 1.000000e+25 & 
1945082112 129.559998 20.580000 1.000000e+25 & 1.000000e+25 & 
1945082118 128.720001 20.790001 1.000000e+25 & 1.000000e+25 & 
1945082200 128.199997 21.010000 1.000000e+25 & 1.000000e+25 & 
1945082206 128.020004 21.260000 1.000000e+25 & 1.000000e+25 & 
1945082212 127.930000 21.530001 1.000000e+25 & 1.000000e+25 & 
1945082218 127.910004 21.820000 1.000000e+25 & 1.000000e+25 & 
1945082300 126.449997 22.760000 1.000000e+25 & 1.000000e+25 & 
1945082306 126.459999 23.219999 1.000000e+25 & 1.000000e+25 & 
1945082312 127.230003 23.410000 1.000000e+25 & 1.000000e+25 & 
1945082318 128.210007 23.620001 1.000000e+25 & 1.000000e+25 & 
1945082400 129.039993 23.740000 1.000000e+25 & 1.000000e+25 & 
1945082406 129.869995 23.930000 1.000000e+25 & 1.000000e+25 & 
1945082412 130.679993 24.190001 1.000000e+25 & 1.000000e+25 & 
1945082418 131.470001 24.450001 1.000000e+25 & 1.000000e+25 & 
1945082500 132.250000 24.830000 1.000000e+25 & 1.000000e+25 & 
1945082506 133.070007 25.410000 1.000000e+25 & 1.000000e+25 & 
1945082512 133.570007 26.219999 1.000000e+25 & 1.000000e+25 & 
1945082518 133.889999 27.049999 1.000000e+25 & 1.000000e+25 & 
1945082600 133.850006 28.020000 1.000000e+25 & 1.000000e+25 & 
1945082606 133.750000 29.070000 1.000000e+25 & 1.000000e+25 & 
1945082612 133.520004 30.230000 1.000000e+25 & 1.000000e+25 & 
1945082618 133.250000 31.280001 1.000000e+25 & 1.000000e+25 & 
1945082700 132.869995 32.360001 1.000000e+25 & 1.000000e+25 & 
1945082706 132.699997 33.490002 1.000000e+25 & 1.000000e+25 & 
1945082712 132.690002 34.590000 1.000000e+25 & 1.000000e+25 & 
1945082718 132.820007 35.910000 1.000000e+25 & 1.000000e+25 & 
1945082800 133.050003 37.919998 1.000000e+25 & 1.000000e+25 & 
1945082806 134.460007 40.520000 1.000000e+25 & 1.000000e+25 & 
1945082812 136.360001 41.669998 1.000000e+25 & 1.000000e+25 & 
1945082818 138.220001 42.840000 1.000000e+25 & 1.000000e+25 & 
1945082900 139.529999 44.290001 1.000000e+25 & 1.000000e+25 & 
1945082906 140.369995 45.990002 1.000000e+25 & 1.000000e+25 & 
1945082912 141.630005 47.520000 1.000000e+25 & 1.000000e+25 & 
1945082918 143.580002 48.750000 1.000000e+25 & 1.000000e+25 & 
TRACK_ID  34 START_TIME 1945082912
POINT_NUM  25
1945082912 135.500000 14.500000 1.000000e+25 & 1.000000e+25 & 
1945082918 135.039993 14.490000 1.000000e+25 & 1.000000e+25 & 
1945083000 134.500000 14.500000 1.000000e+25 & 1.000000e+25 & 
1945083006 133.229996 14.620000 1.000000e+25 & 1.000000e+25 & 
1945083012 132.000000 15.000000 1.000000e+25 & 1.000000e+25 & 
1945083018 130.979996 15.420000 1.000000e+25 & 1.000000e+25 & 
1945083100 130.000000 16.000000 1.000000e+25 & 1.000000e+25 & 
1945083106 129.289993 16.490000 1.000000e+25 & 1.000000e+25 & 
1945083112 128.500000 17.000000 1.000000e+25 & 1.000000e+25 & 
1945083118 127.500000 17.700001 1.000000e+25 & 1.000000e+25 & 
1945090100 126.500000 18.500000 1.000000e+25 & 1.000000e+25 & 
1945090106 125.489998 19.290001 1.000000e+25 & 1.000000e+25 & 
1945090112 124.500000 20.000000 1.000000e+25 & 1.000000e+25 & 
1945090118 123.690002 20.700001 1.000000e+25 & 1.000000e+25 & 
1945090200 123.000000 21.500000 1.000000e+25 & 1.000000e+25 & 
1945090206 122.489998 22.500000 1.000000e+25 & 1.000000e+25 & 
1945090212 122.000000 23.500000 1.000000e+25 & 1.000000e+25 & 
1945090218 121.500000 24.230000 1.000000e+25 & 1.000000e+25 & 
1945090300 121.000000 25.000000 1.000000e+25 & 1.000000e+25 & 
1945090306 120.510002 25.520000 1.000000e+25 & 1.000000e+25 & 
1945090312 120.000000 26.000000 1.000000e+25 & 1.000000e+25 & 
1945090318 119.209999 26.209999 1.000000e+25 & 1.000000e+25 & 
1945090400 118.500000 26.500000 1.000000e+25 & 1.000000e+25 & 
1945090406 117.980003 26.830000 1.000000e+25 & 1.000000e+25 & 
1945090412 117.500000 27.500000 1.000000e+25 & 1.000000e+25 & 
TRACK_ID  33 START_TIME 1945082906
POINT_NUM  15
1945082906 277.700012 13.600000 1.000000e+25 & 1.801000e+01 & 
1945082912 278.200012 14.200000 1.000000e+25 & 1.801000e+01 & 
1945082918 278.500000 14.800000 1.000000e+25 & 2.058000e+01 & 
1945083000 278.700012 15.500000 1.000000e+25 & 2.058000e+01 & 
1945083006 278.500000 16.400000 1.000000e+25 & 2.315000e+01 & 
1945083012 277.799988 17.200001 1.000000e+25 & 2.572000e+01 & 
1945083018 276.799988 17.600000 1.000000e+25 & 2.572000e+01 & 
1945083100 275.600006 17.700001 1.000000e+25 & 2.829000e+01 & 
1945083106 274.399994 17.799999 1.000000e+25 & 2.829000e+01 & 
1945083112 273.100006 17.700001 1.000000e+25 & 3.087000e+01 & 
1945083118 271.799988 17.400000 9.900000e+02 & 3.087000e+01 & 
1945090100 270.600006 17.200001 1.000000e+25 & 2.058000e+01 & 
1945090106 269.600006 17.100000 1.000000e+25 & 1.543000e+01 & 
1945090112 268.700012 17.000000 1.000000e+25 & 1.286000e+01 & 
1945090118 268.000000 17.000000 1.000000e+25 & 1.286000e+01 & 
TRACK_ID  35 START_TIME 1945083018
POINT_NUM  6
1945083018 84.699997 15.600000 1.000000e+25 & 1.000000e+25 & 
1945083100 84.300003 15.600000 1.000000e+25 & 1.000000e+25 & 
1945083106 84.099998 15.600000 1.000000e+25 & 1.000000e+25 & 
1945083112 83.900002 15.600000 1.000000e+25 & 1.000000e+25 & 
1945083118 83.699997 15.610000 1.000000e+25 & 1.000000e+25 & 
1945090100 83.500000 15.690000 1.000000e+25 & 1.000000e+25 & 
TRACK_ID  38 START_TIME 1945090712
POINT_NUM  30
1945090712 129.240005 13.800000 1.000000e+25 & 1.000000e+25 & 
1945090718 128.350006 14.310000 1.000000e+25 & 1.000000e+25 & 
1945090800 127.389999 14.790000 1.000000e+25 & 1.000000e+25 & 
1945090806 126.440002 15.640000 1.000000e+25 & 1.000000e+25 & 
1945090812 125.800003 16.620001 1.000000e+25 & 1.000000e+25 & 
1945090818 125.379997 17.280001 1.000000e+25 & 1.000000e+25 & 
1945090900 124.940002 18.030001 1.000000e+25 & 1.000000e+25 & 
1945090906 124.500000 18.450001 1.000000e+25 & 1.000000e+25 & 
1945090912 124.019997 18.799999 1.000000e+25 & 1.000000e+25 & 
1945090918 123.449997 19.760000 1.000000e+25 & 1.000000e+25 & 
1945091000 123.000000 20.750000 1.000000e+25 & 1.000000e+25 & 
1945091006 122.459999 21.389999 1.000000e+25 & 1.000000e+25 & 
1945091012 121.930000 22.030001 1.000000e+25 & 1.000000e+25 & 
1945091018 121.260002 22.870001 1.000000e+25 & 1.000000e+25 & 
1945091100 120.919998 23.600000 1.000000e+25 & 1.000000e+25 & 
1945091106 120.440002 24.299999 1.000000e+25 & 1.000000e+25 & 
1945091112 119.910004 25.030001 1.000000e+25 & 1.000000e+25 & 
1945091118 119.120003 25.910000 1.000000e+25 & 1.000000e+25 & 
1945091200 118.849998 26.959999 1.000000e+25 & 1.000000e+25 & 
1945091206 119.029999 28.920000 1.000000e+25 & 1.000000e+25 & 
1945091212 119.610001 30.780001 1.000000e+25 & 1.000000e+25 & 
1945091218 121.599998 32.180000 1.000000e+25 & 1.000000e+25 & 
1945091300 124.080002 33.970001 1.000000e+25 & 1.000000e+25 & 
1945091306 126.639999 35.459999 1.000000e+25 & 1.000000e+25 & 
1945091312 129.479996 36.720001 1.000000e+25 & 1.000000e+25 & 
1945091318 132.839996 38.029999 1.000000e+25 & 1.000000e+25 & 
1945091400 136.100006 39.619999 1.000000e+25 & 1.000000e+25 & 
1945091406 138.990005 41.040001 1.000000e+25 & 1.000000e+25 & 
1945091412 141.509995 41.220001 1.000000e+25 & 1.000000e+25 & 
1945091418 144.470001 40.500000 1.000000e+25 & 1.000000e+25 & 
TRACK_ID  36 START_TIME 1945090318
POINT_NUM  13
1945090318 275.399994 21.000000 1.000000e+25 & 1.543000e+01 & 
1945090400 276.200012 22.100000 1.000000e+25 & 1.543000e+01 & 
1945090406 277.200012 23.200001 1.000000e+25 & 1.543000e+01 & 
1945090412 277.899994 24.400000 1.000000e+25 & 1.801000e+01 & 
1945090418 278.000000 25.500000 1.000000e+25 & 1.801000e+01 & 
1945090500 277.899994 26.500000 1.000000e+25 & 1.801000e+01 & 
1945090506 276.200012 27.500000 1.000000e+25 & 1.801000e+01 & 
1945090512 274.000000 28.500000 1.000000e+25 & 1.543000e+01 & 
1945090518 272.500000 29.299999 1.000000e+25 & 1.543000e+01 & 
1945090600 271.200012 30.000000 1.000000e+25 & 1.543000e+01 & 
1945090606 270.200012 30.700001 1.000000e+25 & 1.286000e+01 & 
1945090612 269.200012 31.299999 1.000000e+25 & 1.286000e+01 & 
1945090618 268.100006 31.900000 1.000000e+25 & 1.029000e+01 & 
TRACK_ID  41 START_TIME 1945091200
POINT_NUM  36
1945091200 301.500000 19.000000 1.000000e+25 & 3.344000e+01 & 
1945091206 300.100006 19.100000 1.000000e+25 & 3.601000e+01 & 
1945091212 298.700012 19.200001 1.000000e+25 & 3.858000e+01 & 
1945091218 297.399994 19.299999 1.000000e+25 & 4.116000e+01 & 
1945091300 296.200012 19.500000 1.000000e+25 & 4.373000e+01 & 
1945091306 295.100006 19.799999 1.000000e+25 & 4.887000e+01 & 
1945091312 293.799988 20.200001 1.000000e+25 & 4.887000e+01 & 
1945091318 292.000000 20.600000 1.000000e+25 & 5.144000e+01 & 
1945091400 290.000000 21.000000 1.000000e+25 & 5.144000e+01 & 
1945091406 288.299988 21.299999 1.000000e+25 & 5.402000e+01 & 
1945091412 287.000000 21.600000 1.000000e+25 & 5.402000e+01 & 
1945091418 285.600006 22.000000 1.000000e+25 & 5.402000e+01 & 
1945091500 284.200012 22.600000 1.000000e+25 & 5.402000e+01 & 
1945091506 282.799988 23.400000 1.000000e+25 & 5.659000e+01 & 
1945091512 281.399994 24.200001 1.000000e+25 & 5.916000e+01 & 
1945091518 280.000000 25.100000 9.490000e+02 & 5.916000e+01 & 
1945091600 279.100006 25.900000 9.540000e+02 & 5.144000e+01 & 
1945091606 278.500000 26.600000 9.630000e+02 & 4.373000e+01 & 
1945091612 278.200012 27.500000 9.740000e+02 & 3.858000e+01 & 
1945091618 278.299988 28.500000 9.820000e+02 & 3.601000e+01 & 
1945091700 278.500000 29.600000 9.870000e+02 & 3.344000e+01 & 
1945091706 278.799988 31.000000 9.900000e+02 & 3.087000e+01 & 
1945091712 279.200012 32.299999 9.900000e+02 & 3.087000e+01 & 
1945091718 279.700012 33.400002 9.960000e+02 & 2.572000e+01 & 
1945091800 280.100006 34.400002 1.000000e+03 & 2.572000e+01 & 
1945091806 280.700012 35.599998 1.006000e+03 & 2.315000e+01 & 
1945091812 281.500000 36.799999 1.012000e+03 & 2.058000e+01 & 
1945091818 283.000000 38.299999 1.000000e+25 & 1.801000e+01 & 
1945091900 285.000000 40.299999 1.000000e+25 & 1.543000e+01 & 
1945091906 287.600006 42.299999 1.000000e+25 & 1.286000e+01 & 
1945091912 291.000000 44.099998 1.000000e+25 & 1.286000e+01 & 
1945091918 295.000000 45.099998 1.000000e+25 & 1.286000e+01 & 
1945092000 299.399994 45.599998 1.000000e+25 & 1.543000e+01 & 
1945092006 305.200012 46.299999 1.000000e+25 & 1.543000e+01 & 
1945092012 311.000000 47.000000 1.000000e+25 & 1.801000e+01 & 
1945092018 313.899994 47.900002 1.000000e+25 & 1.801000e+01 & 
TRACK_ID  40 START_TIME 1945090912
POINT_NUM  14
1945090912 301.700012 16.400000 1.000000e+25 & 2.315000e+01 & 
1945090918 300.799988 17.400000 1.009000e+03 & 2.315000e+01 & 
1945091000 300.000000 18.299999 1.000000e+25 & 2.315000e+01 & 
1945091006 299.200012 19.100000 1.000000e+25 & 2.315000e+01 & 
1945091012 298.200012 20.100000 1.000000e+25 & 2.572000e+01 & 
1945091018 296.799988 21.299999 1.000000e+25 & 2.572000e+01 & 
1945091100 295.100006 22.600000 1.000000e+25 & 2.572000e+01 & 
1945091106 293.899994 24.000000 1.000000e+25 & 2.572000e+01 & 
1945091112 293.000000 25.500000 1.000000e+25 & 2.315000e+01 & 
1945091118 292.700012 27.000000 1.000000e+25 & 2.315000e+01 & 
1945091200 292.600006 28.600000 1.000000e+25 & 2.058000e+01 & 
1945091206 292.700012 30.299999 1.000000e+25 & 2.058000e+01 & 
1945091212 292.899994 32.200001 1.000000e+25 & 1.801000e+01 & 
1945091218 293.299988 34.500000 1.000000e+25 & 1.543000e+01 & 
TRACK_ID  39 START_TIME 1945091000
POINT_NUM  44
1945091000 157.000000 8.000000 1.000000e+25 & 1.000000e+25 & 
1945091006 156.009995 8.500000 1.000000e+25 & 1.000000e+25 & 
1945091012 155.100006 9.000000 1.000000e+25 & 1.000000e+25 & 
1945091018 154.169998 9.580000 1.000000e+25 & 1.000000e+25 & 
1945091100 153.000000 10.000000 1.000000e+25 & 1.000000e+25 & 
1945091106 151.789993 10.300000 1.000000e+25 & 1.000000e+25 & 
1945091112 150.500000 10.500000 1.000000e+25 & 1.000000e+25 & 
1945091118 149.210007 10.710000 1.000000e+25 & 1.000000e+25 & 
1945091200 148.000000 11.000000 1.000000e+25 & 1.000000e+25 & 
1945091206 146.809998 11.230000 1.000000e+25 & 1.000000e+25 & 
1945091212 145.699997 11.700000 1.000000e+25 & 1.000000e+25 & 
1945091218 144.600006 12.020000 1.000000e+25 & 1.000000e+25 & 
1945091300 143.500000 12.500000 1.000000e+25 & 1.000000e+25 & 
1945091306 142.289993 13.000000 1.000000e+25 & 1.000000e+25 & 
1945091312 141.000000 13.500000 1.000000e+25 & 1.000000e+25 & 
1945091318 139.720001 13.920000 1.000000e+25 & 1.000000e+25 & 
1945091400 138.500000 14.500000 1.000000e+25 & 1.000000e+25 & 
1945091406 137.029999 15.020000 1.000000e+25 & 1.000000e+25 & 
1945091412 135.699997 15.800000 1.000000e+25 & 1.000000e+25 & 
1945091418 134.229996 16.510000 1.000000e+25 & 1.000000e+25 & 
1945091500 133.000000 17.500000 1.000000e+25 & 1.000000e+25 & 
1945091506 131.880005 18.840000 1.000000e+25 & 1.000000e+25 & 
1945091512 130.800003 20.000000 1.000000e+25 & 1.000000e+25 & 
1945091518 129.800003 21.490000 1.000000e+25 & 1.000000e+25 & 
1945091600 129.000000 23.000000 1.000000e+25 & 1.000000e+25 & 
1945091606 128.399994 24.510000 1.000000e+25 & 1.000000e+25 & 
1945091612 128.300003 26.100000 1.000000e+25 & 1.000000e+25 & 
1945091618 128.949997 27.730000 1.000000e+25 & 1.000000e+25 & 
1945091700 130.000000 29.000000 1.000000e+25 & 1.000000e+25 & 
1945091706 131.979996 30.870001 1.000000e+25 & 1.000000e+25 & 
1945091712 134.300003 32.599998 1.000000e+25 & 1.000000e+25 & 
1945091718 136.479996 34.369999 1.000000e+25 & 1.000000e+25 & 
1945091800 139.000000 36.000000 1.000000e+25 & 1.000000e+25 & 
1945091806 142.830002 37.990002 1.000000e+25 & 1.000000e+25 & 
1945091812 146.800003 39.900002 1.000000e+25 & 1.000000e+25 & 
1945091818 150.850006 41.430000 1.000000e+25 & 1.000000e+25 & 
1945091900 155.000000 43.000000 1.000000e+25 & 1.000000e+25 & 
1945091906 158.270004 44.389999 1.000000e+25 & 1.000000e+25 & 
1945091912 161.600006 45.799999 1.000000e+25 & 1.000000e+25 & 
1945091918 164.779999 47.320000 1.000000e+25 & 1.000000e+25 & 
1945092000 168.000000 49.000000 1.000000e+25 & 1.000000e+25 & 
1945092006 172.000000 49.000000 1.000000e+25 & 1.000000e+25 & 
1945092012 174.000000 50.000000 1.000000e+25 & 1.000000e+25 & 
1945092018 176.000000 51.000000 1.000000e+25 & 1.000000e+25 & 
TRACK_ID  43 START_TIME 1945091718
POINT_NUM  30
1945091718 89.199997 17.600000 1.000000e+25 & 1.000000e+25 & 
1945091800 89.000000 17.700001 1.000000e+25 & 1.000000e+25 & 
1945091806 88.599998 17.900000 1.000000e+25 & 1.000000e+25 & 
1945091812 88.279999 18.010000 1.000000e+25 & 1.000000e+25 & 
1945091818 87.919998 18.110001 1.000000e+25 & 1.000000e+25 & 
1945091900 87.620003 18.209999 1.000000e+25 & 1.000000e+25 & 
1945091906 87.070000 18.400000 1.000000e+25 & 1.000000e+25 & 
1945091912 86.000000 18.690001 1.000000e+25 & 1.000000e+25 & 
1945091918 85.089996 18.900000 1.000000e+25 & 1.000000e+25 & 
1945092000 84.220001 19.180000 1.000000e+25 & 1.000000e+25 & 
1945092006 83.300003 19.490000 1.000000e+25 & 1.000000e+25 & 
1945092012 82.209999 19.900000 1.000000e+25 & 1.000000e+25 & 
1945092018 81.279999 20.299999 1.000000e+25 & 1.000000e+25 & 
1945092100 80.379997 20.700001 1.000000e+25 & 1.000000e+25 & 
1945092106 79.480003 21.100000 1.000000e+25 & 1.000000e+25 & 
1945092112 78.589996 21.420000 1.000000e+25 & 1.000000e+25 & 
1945092118 77.610001 21.709999 1.000000e+25 & 1.000000e+25 & 
1945092200 76.690002 21.910000 1.000000e+25 & 1.000000e+25 & 
1945092206 75.709999 22.000000 1.000000e+25 & 1.000000e+25 & 
1945092212 74.900002 22.010000 1.000000e+25 & 1.000000e+25 & 
1945092218 74.099998 22.290001 1.000000e+25 & 1.000000e+25 & 
1945092300 73.410004 22.780001 1.000000e+25 & 1.000000e+25 & 
1945092306 73.089996 23.209999 1.000000e+25 & 1.000000e+25 & 
1945092312 73.010002 23.690001 1.000000e+25 & 1.000000e+25 & 
1945092318 73.180000 24.110001 1.000000e+25 & 1.000000e+25 & 
1945092400 73.389999 24.610001 1.000000e+25 & 1.000000e+25 & 
1945092406 73.680000 25.200001 1.000000e+25 & 1.000000e+25 & 
1945092412 74.000000 25.889999 1.000000e+25 & 1.000000e+25 & 
1945092418 74.410004 26.520000 1.000000e+25 & 1.000000e+25 & 
1945092500 74.879997 27.219999 1.000000e+25 & 1.000000e+25 & 
TRACK_ID  45 START_TIME 1945092012
POINT_NUM  7
1945092012 113.500000 17.000000 1.000000e+25 & 1.000000e+25 & 
1945092018 112.410004 17.709999 1.000000e+25 & 1.000000e+25 & 
1945092100 111.400002 18.400000 1.000000e+25 & 1.000000e+25 & 
1945092106 110.330002 19.000000 1.000000e+25 & 1.000000e+25 & 
1945092112 109.400002 19.600000 1.000000e+25 & 1.000000e+25 & 
1945092118 108.320000 20.270000 1.000000e+25 & 1.000000e+25 & 
1945092200 107.300003 20.799999 1.000000e+25 & 1.000000e+25 & 
TRACK_ID  37 START_TIME 1945090518
POINT_NUM  26
1945090518 90.400002 17.799999 1.000000e+25 & 1.000000e+25 & 
1945090600 90.199997 18.000000 1.000000e+25 & 1.000000e+25 & 
1945090606 89.900002 18.290001 1.000000e+25 & 1.000000e+25 & 
1945090612 89.500000 18.600000 1.000000e+25 & 1.000000e+25 & 
1945090618 89.089996 19.000000 1.000000e+25 & 1.000000e+25 & 
1945090700 88.610001 19.400000 1.000000e+25 & 1.000000e+25 & 
1945090706 88.199997 19.780001 1.000000e+25 & 1.000000e+25 & 
1945090712 87.720001 20.010000 1.000000e+25 & 1.000000e+25 & 
1945090718 87.199997 20.400000 1.000000e+25 & 1.000000e+25 & 
1945090800 86.500000 20.879999 1.000000e+25 & 1.000000e+25 & 
1945090806 85.620003 21.379999 1.000000e+25 & 1.000000e+25 & 
1945090812 84.610001 21.900000 1.000000e+25 & 1.000000e+25 & 
1945090818 83.510002 22.510000 1.000000e+25 & 1.000000e+25 & 
1945090900 82.400002 23.209999 1.000000e+25 & 1.000000e+25 & 
1945090906 81.580002 23.690001 1.000000e+25 & 1.000000e+25 & 
1945090912 80.989998 23.900000 1.000000e+25 & 1.000000e+25 & 
1945090918 80.389999 24.190001 1.000000e+25 & 1.000000e+25 & 
1945091000 79.699997 24.510000 1.000000e+25 & 1.000000e+25 & 
1945091006 79.110001 24.879999 1.000000e+25 & 1.000000e+25 & 
1945091012 78.699997 25.120001 1.000000e+25 & 1.000000e+25 & 
1945091018 78.300003 25.490000 1.000000e+25 & 1.000000e+25 & 
1945091100 77.900002 25.799999 1.000000e+25 & 1.000000e+25 & 
1945091106 77.489998 26.200001 1.000000e+25 & 1.000000e+25 & 
1945091112 77.010002 26.690001 1.000000e+25 & 1.000000e+25 & 
1945091118 76.589996 27.110001 1.000000e+25 & 1.000000e+25 & 
1945091200 76.110001 27.590000 1.000000e+25 & 1.000000e+25 & 
TRACK_ID  44 START_TIME 1945092106
POINT_NUM  13
1945092106 124.400002 12.300000 1.000000e+25 & 1.000000e+25 & 
1945092112 123.699997 12.400000 1.000000e+25 & 1.000000e+25 & 
1945092118 122.709999 12.700000 1.000000e+25 & 1.000000e+25 & 
1945092200 121.800003 13.000000 1.000000e+25 & 1.000000e+25 & 
1945092206 120.980003 13.390000 1.000000e+25 & 1.000000e+25 & 
1945092212 120.000000 13.800000 1.000000e+25 & 1.000000e+25 & 
1945092218 118.809998 14.410000 1.000000e+25 & 1.000000e+25 & 
1945092300 117.699997 15.100000 1.000000e+25 & 1.000000e+25 & 
1945092306 116.820000 15.680000 1.000000e+25 & 1.000000e+25 & 
1945092312 116.000000 16.299999 1.000000e+25 & 1.000000e+25 & 
1945092318 114.970001 17.209999 1.000000e+25 & 1.000000e+25 & 
1945092400 113.500000 18.400000 1.000000e+25 & 1.000000e+25 & 
1945092406 111.900002 19.500000 1.000000e+25 & 1.000000e+25 & 
TRACK_ID  46 START_TIME 1945092500
POINT_NUM  29
1945092500 142.500000 11.500000 1.000000e+25 & 1.000000e+25 & 
1945092506 141.619995 12.000000 1.000000e+25 & 1.000000e+25 & 
1945092512 140.800003 12.500000 1.000000e+25 & 1.000000e+25 & 
1945092518 139.979996 13.000000 1.000000e+25 & 1.000000e+25 & 
1945092600 139.000000 13.500000 1.000000e+25 & 1.000000e+25 & 
1945092606 138.100006 14.010000 1.000000e+25 & 1.000000e+25 & 
1945092612 137.199997 14.600000 1.000000e+25 & 1.000000e+25 & 
1945092618 136.389999 15.020000 1.000000e+25 & 1.000000e+25 & 
1945092700 135.500000 15.500000 1.000000e+25 & 1.000000e+25 & 
1945092706 134.529999 15.810000 1.000000e+25 & 1.000000e+25 & 
1945092712 133.699997 16.200001 1.000000e+25 & 1.000000e+25 & 
1945092718 132.880005 16.600000 1.000000e+25 & 1.000000e+25 & 
1945092800 132.000000 17.000000 1.000000e+25 & 1.000000e+25 & 
1945092806 131.380005 17.309999 1.000000e+25 & 1.000000e+25 & 
1945092812 130.699997 17.700001 1.000000e+25 & 1.000000e+25 & 
1945092818 130.119995 18.020000 1.000000e+25 & 1.000000e+25 & 
1945092900 129.500000 18.500000 1.000000e+25 & 1.000000e+25 & 
1945092906 128.500000 19.180000 1.000000e+25 & 1.000000e+25 & 
1945092912 127.300003 19.700001 1.000000e+25 & 1.000000e+25 & 
1945092918 126.209999 20.100000 1.000000e+25 & 1.000000e+25 & 
1945093000 125.000000 20.500000 1.000000e+25 & 1.000000e+25 & 
1945093006 123.330002 20.980000 1.000000e+25 & 1.000000e+25 & 
1945093012 121.800003 21.500000 1.000000e+25 & 1.000000e+25 & 
1945093018 120.010002 21.959999 1.000000e+25 & 1.000000e+25 & 
1945100100 119.000000 23.500000 1.000000e+25 & 1.000000e+25 & 
1945100106 119.620003 24.660000 1.000000e+25 & 1.000000e+25 & 
1945100112 120.500000 25.500000 1.000000e+25 & 1.000000e+25 & 
1945100118 121.519997 26.299999 1.000000e+25 & 1.000000e+25 & 
1945100200 122.500000 27.000000 1.000000e+25 & 1.000000e+25 & 
TRACK_ID  48 START_TIME 1945092818
POINT_NUM  10
1945092818 89.300003 17.600000 1.000000e+25 & 1.000000e+25 & 
1945092900 89.099998 17.600000 1.000000e+25 & 1.000000e+25 & 
1945092906 88.389999 18.010000 1.000000e+25 & 1.000000e+25 & 
1945092912 87.410004 18.500000 1.000000e+25 & 1.000000e+25 & 
1945092918 86.589996 18.900000 1.000000e+25 & 1.000000e+25 & 
1945093000 85.790001 19.370001 1.000000e+25 & 1.000000e+25 & 
1945093006 85.010002 19.910000 1.000000e+25 & 1.000000e+25 & 
1945093012 84.309998 20.709999 1.000000e+25 & 1.000000e+25 & 
1945093018 83.699997 21.690001 1.000000e+25 & 1.000000e+25 & 
1945100100 83.099998 22.690001 1.000000e+25 & 1.000000e+25 & 
TRACK_ID  50 START_TIME 1945100206
POINT_NUM  22
1945100206 279.000000 15.500000 1.000000e+25 & 2.058000e+01 & 
1945100212 278.500000 15.600000 1.000000e+25 & 2.572000e+01 & 
1945100218 278.000000 15.800000 1.000000e+25 & 3.087000e+01 & 
1945100300 277.500000 16.100000 1.000000e+25 & 3.344000e+01 & 
1945100306 276.899994 16.400000 1.000000e+25 & 3.601000e+01 & 
1945100312 276.200012 16.600000 9.870000e+02 & 3.601000e+01 & 
1945100318 275.100006 16.799999 9.820000e+02 & 3.858000e+01 & 
1945100400 273.899994 16.600000 1.000000e+25 & 4.116000e+01 & 
1945100406 272.600006 16.400000 1.000000e+25 & 4.116000e+01 & 
1945100412 271.299988 16.200001 1.000000e+25 & 4.116000e+01 & 
1945100418 270.000000 16.000000 1.000000e+25 & 2.829000e+01 & 
1945100500 268.700012 15.800000 1.000000e+25 & 1.801000e+01 & 
1945100506 267.399994 15.700000 1.000000e+25 & 1.543000e+01 & 
1945100512 266.000000 15.500000 1.000000e+25 & 1.543000e+01 & 
1945100518 264.299988 15.500000 1.000000e+25 & 1.543000e+01 & 
1945100600 262.299988 15.800000 1.000000e+25 & 1.543000e+01 & 
1945100606 260.299988 16.299999 1.000000e+25 & 1.543000e+01 & 
1945100612 258.500000 17.000000 1.000000e+25 & 1.543000e+01 & 
1945100618 257.299988 18.000000 1.000000e+25 & 1.543000e+01 & 
1945100700 256.500000 19.299999 1.000000e+25 & 1.543000e+01 & 
1945100706 255.899994 21.000000 1.000000e+25 & 1.543000e+01 & 
1945100712 255.500000 23.000000 1.000000e+25 & 1.286000e+01 & 
TRACK_ID  49 START_TIME 1945100200
POINT_NUM  41
1945100200 161.000000 9.000000 1.000000e+25 & 1.000000e+25 & 
1945100206 159.600006 9.310000 1.000000e+25 & 1.000000e+25 & 
1945100212 158.199997 9.700000 1.000000e+25 & 1.000000e+25 & 
1945100218 156.809998 10.020000 1.000000e+25 & 1.000000e+25 & 
1945100300 155.500000 10.500000 1.000000e+25 & 1.000000e+25 & 
1945100306 154.029999 11.000000 1.000000e+25 & 1.000000e+25 & 
1945100312 152.699997 11.500000 1.000000e+25 & 1.000000e+25 & 
1945100318 151.399994 12.000000 1.000000e+25 & 1.000000e+25 & 
1945100400 150.000000 12.500000 1.000000e+25 & 1.000000e+25 & 
1945100406 148.100006 13.170000 1.000000e+25 & 1.000000e+25 & 
1945100412 146.800003 13.700000 1.000000e+25 & 1.000000e+25 & 
1945100418 145.380005 14.310000 1.000000e+25 & 1.000000e+25 & 
1945100500 144.000000 15.000000 1.000000e+25 & 1.000000e+25 & 
1945100506 142.800003 15.780000 1.000000e+25 & 1.000000e+25 & 
1945100512 141.600006 16.400000 1.000000e+25 & 1.000000e+25 & 
1945100518 140.309998 16.990000 1.000000e+25 & 1.000000e+25 & 
1945100600 139.000000 17.500000 1.000000e+25 & 1.000000e+25 & 
1945100606 137.600006 18.000000 1.000000e+25 & 1.000000e+25 & 
1945100612 136.199997 18.500000 1.000000e+25 & 1.000000e+25 & 
1945100618 134.800003 19.000000 1.000000e+25 & 1.000000e+25 & 
1945100700 133.500000 19.500000 1.000000e+25 & 1.000000e+25 & 
1945100706 132.300003 19.910000 1.000000e+25 & 1.000000e+25 & 
1945100712 131.199997 20.400000 1.000000e+25 & 1.000000e+25 & 
1945100718 130.000000 20.980000 1.000000e+25 & 1.000000e+25 & 
1945100800 129.000000 21.500000 1.000000e+25 & 1.000000e+25 & 
1945100806 128.470001 22.030001 1.000000e+25 & 1.000000e+25 & 
1945100812 128.000000 22.799999 1.000000e+25 & 1.000000e+25 & 
1945100818 127.620003 23.520000 1.000000e+25 & 1.000000e+25 & 
1945100900 127.500000 24.500000 1.000000e+25 & 1.000000e+25 & 
1945100906 127.489998 25.770000 1.000000e+25 & 1.000000e+25 & 
1945100912 127.599998 27.000000 1.000000e+25 & 1.000000e+25 & 
1945100918 127.959999 28.290001 1.000000e+25 & 1.000000e+25 & 
1945101000 128.500000 29.500000 1.000000e+25 & 1.000000e+25 & 
1945101006 129.880005 30.870001 1.000000e+25 & 1.000000e+25 & 
1945101012 131.500000 32.000000 1.000000e+25 & 1.000000e+25 & 
1945101018 133.050003 33.009998 1.000000e+25 & 1.000000e+25 & 
1945101100 135.000000 34.000000 1.000000e+25 & 1.000000e+25 & 
1945101106 136.899994 35.099998 1.000000e+25 & 1.000000e+25 & 
1945101112 138.000000 38.000000 1.000000e+25 & 1.000000e+25 & 
1945101118 137.500000 39.000000 1.000000e+25 & 1.000000e+25 & 
1945101200 137.000000 39.500000 1.000000e+25 & 1.000000e+25 & 
TRACK_ID  47 START_TIME 1945092800
POINT_NUM  33
1945092800 160.000000 6.000000 1.000000e+25 & 1.000000e+25 & 
1945092806 158.990005 6.500000 1.000000e+25 & 1.000000e+25 & 
1945092812 158.000000 7.000000 1.000000e+25 & 1.000000e+25 & 
1945092818 157.020004 7.420000 1.000000e+25 & 1.000000e+25 & 
1945092900 156.000000 8.000000 1.000000e+25 & 1.000000e+25 & 
1945092906 154.520004 8.770000 1.000000e+25 & 1.000000e+25 & 
1945092912 153.000000 9.500000 1.000000e+25 & 1.000000e+25 & 
1945092918 151.399994 10.510000 1.000000e+25 & 1.000000e+25 & 
1945093000 150.000000 11.500000 1.000000e+25 & 1.000000e+25 & 
1945093006 149.110001 12.020000 1.000000e+25 & 1.000000e+25 & 
1945093012 148.500000 12.500000 1.000000e+25 & 1.000000e+25 & 
1945093018 147.720001 12.920000 1.000000e+25 & 1.000000e+25 & 
1945100100 147.000000 13.500000 1.000000e+25 & 1.000000e+25 & 
1945100106 146.009995 14.090000 1.000000e+25 & 1.000000e+25 & 
1945100112 145.000000 14.700000 1.000000e+25 & 1.000000e+25 & 
1945100118 144.000000 15.380000 1.000000e+25 & 1.000000e+25 & 
1945100200 143.000000 16.000000 1.000000e+25 & 1.000000e+25 & 
1945100206 141.820007 16.709999 1.000000e+25 & 1.000000e+25 & 
1945100212 140.699997 17.600000 1.000000e+25 & 1.000000e+25 & 
1945100218 139.440002 18.490000 1.000000e+25 & 1.000000e+25 & 
1945100300 138.500000 19.500000 1.000000e+25 & 1.000000e+25 & 
1945100306 137.330002 20.780001 1.000000e+25 & 1.000000e+25 & 
1945100312 136.500000 22.200001 1.000000e+25 & 1.000000e+25 & 
1945100318 135.729996 24.000000 1.000000e+25 & 1.000000e+25 & 
1945100400 135.500000 26.000000 1.000000e+25 & 1.000000e+25 & 
1945100406 135.419998 28.000000 1.000000e+25 & 1.000000e+25 & 
1945100412 135.800003 30.000000 1.000000e+25 & 1.000000e+25 & 
1945100418 136.229996 32.000000 1.000000e+25 & 1.000000e+25 & 
1945100500 137.000000 34.000000 1.000000e+25 & 1.000000e+25 & 
1945100506 138.199997 35.799999 1.000000e+25 & 1.000000e+25 & 
1945100512 142.000000 34.000000 1.000000e+25 & 1.000000e+25 & 
1945100518 145.500000 35.000000 1.000000e+25 & 1.000000e+25 & 
1945100600 149.800003 36.500000 1.000000e+25 & 1.000000e+25 & 
TRACK_ID  51 START_TIME 1945101012
POINT_NUM  26
1945101012 282.100006 14.000000 1.000000e+25 & 1.543000e+01 & 
1945101018 282.000000 14.900000 1.000000e+25 & 1.543000e+01 & 
1945101100 281.100006 15.800000 1.000000e+25 & 1.801000e+01 & 
1945101106 280.200012 16.799999 1.000000e+25 & 1.801000e+01 & 
1945101112 279.700012 17.799999 1.000000e+25 & 2.315000e+01 & 
1945101118 279.700012 18.799999 1.000000e+25 & 2.829000e+01 & 
1945101200 279.799988 19.600000 1.000000e+25 & 3.344000e+01 & 
1945101206 280.200012 20.500000 1.000000e+25 & 3.858000e+01 & 
1945101212 280.700012 21.600000 1.000000e+25 & 4.373000e+01 & 
1945101218 281.399994 22.900000 1.000000e+25 & 4.116000e+01 & 
1945101300 282.799988 24.200001 1.000000e+25 & 4.116000e+01 & 
1945101306 284.200012 25.600000 9.820000e+02 & 3.858000e+01 & 
1945101312 286.200012 27.200001 1.000000e+25 & 3.601000e+01 & 
1945101318 289.500000 28.500000 1.000000e+25 & 3.344000e+01 & 
1945101400 292.000000 29.900000 1.000000e+25 & 3.344000e+01 & 
1945101406 295.799988 31.200001 1.000000e+25 & 2.829000e+01 & 
1945101412 299.500000 32.400002 1.000000e+25 & 2.058000e+01 & 
1945101418 302.500000 33.200001 1.000000e+25 & 1.801000e+01 & 
1945101500 305.500000 34.000000 1.000000e+25 & 1.801000e+01 & 
1945101506 309.500000 34.900002 1.000000e+25 & 1.801000e+01 & 
1945101512 314.500000 35.799999 1.000000e+25 & 1.801000e+01 & 
1945101518 317.799988 36.700001 1.000000e+25 & 1.801000e+01 & 
1945101600 320.000000 37.200001 1.000000e+25 & 1.543000e+01 & 
1945101606 322.299988 37.799999 1.000000e+25 & 1.543000e+01 & 
1945101612 325.000000 38.299999 1.000000e+25 & 1.543000e+01 & 
1945101618 327.799988 39.000000 1.000000e+25 & 1.543000e+01 & 
TRACK_ID  52 START_TIME 1945101418
POINT_NUM  26
1945101418 91.599998 7.300000 1.000000e+25 & 1.000000e+25 & 
1945101500 91.199997 7.700000 1.000000e+25 & 1.000000e+25 & 
1945101506 90.489998 8.210000 1.000000e+25 & 1.000000e+25 & 
1945101512 89.680000 8.820000 1.000000e+25 & 1.000000e+25 & 
1945101518 89.010002 9.300000 1.000000e+25 & 1.000000e+25 & 
1945101600 88.580002 9.700000 1.000000e+25 & 1.000000e+25 & 
1945101606 87.690002 10.480000 1.000000e+25 & 1.000000e+25 & 
1945101612 86.410004 11.490000 1.000000e+25 & 1.000000e+25 & 
1945101618 85.199997 12.590000 1.000000e+25 & 1.000000e+25 & 
1945101700 84.050003 13.660000 1.000000e+25 & 1.000000e+25 & 
1945101706 83.750000 13.950000 1.000000e+25 & 1.000000e+25 & 
1945101712 83.769997 13.930000 1.000000e+25 & 1.000000e+25 & 
1945101718 83.800003 13.900000 1.000000e+25 & 1.000000e+25 & 
1945101800 83.800003 13.900000 1.000000e+25 & 1.000000e+25 & 
1945101806 83.800003 13.900000 1.000000e+25 & 1.000000e+25 & 
1945101812 83.800003 13.900000 1.000000e+25 & 1.000000e+25 & 
1945101818 83.830002 13.870000 1.000000e+25 & 1.000000e+25 & 
1945101900 83.849998 13.850000 1.000000e+25 & 1.000000e+25 & 
1945101906 83.529999 14.160000 1.000000e+25 & 1.000000e+25 & 
1945101912 82.209999 15.390000 1.000000e+25 & 1.000000e+25 & 
1945101918 81.070000 16.590000 1.000000e+25 & 1.000000e+25 & 
1945102000 80.059998 17.709999 1.000000e+25 & 1.000000e+25 & 
1945102006 79.540001 18.809999 1.000000e+25 & 1.000000e+25 & 
1945102012 79.910004 19.820000 1.000000e+25 & 1.000000e+25 & 
1945102018 80.720001 20.709999 1.000000e+25 & 1.000000e+25 & 
1945102100 81.760002 21.480000 1.000000e+25 & 1.000000e+25 & 
TRACK_ID  55 START_TIME 1945111018
POINT_NUM  18
1945111018 76.199997 6.200000 1.000000e+25 & 1.000000e+25 & 
1945111100 76.000000 6.300000 1.000000e+25 & 1.000000e+25 & 
1945111106 75.160004 6.610000 1.000000e+25 & 1.000000e+25 & 
1945111112 73.720001 7.090000 1.000000e+25 & 1.000000e+25 & 
1945111118 73.339996 7.220000 1.000000e+25 & 1.000000e+25 & 
1945111200 73.370003 7.210000 1.000000e+25 & 1.000000e+25 & 
1945111206 73.400002 7.200000 1.000000e+25 & 1.000000e+25 & 
1945111212 73.400002 7.200000 1.000000e+25 & 1.000000e+25 & 
1945111218 73.400002 7.200000 1.000000e+25 & 1.000000e+25 & 
1945111300 73.400002 7.200000 1.000000e+25 & 1.000000e+25 & 
1945111306 73.400002 7.200000 1.000000e+25 & 1.000000e+25 & 
1945111312 73.400002 7.200000 1.000000e+25 & 1.000000e+25 & 
1945111318 73.470001 7.170000 1.000000e+25 & 1.000000e+25 & 
1945111400 73.519997 7.150000 1.000000e+25 & 1.000000e+25 & 
1945111406 72.669998 7.550000 1.000000e+25 & 1.000000e+25 & 
1945111412 69.620003 8.800000 1.000000e+25 & 1.000000e+25 & 
1945111418 67.330002 9.610000 1.000000e+25 & 1.000000e+25 & 
1945111500 65.699997 9.890000 1.000000e+25 & 1.000000e+25 & 
TRACK_ID  53 START_TIME 1945110100
POINT_NUM  14
1945110100 133.399994 13.300000 1.000000e+25 & 1.000000e+25 & 
1945110106 132.710007 13.500000 1.000000e+25 & 1.000000e+25 & 
1945110112 132.199997 13.700000 1.000000e+25 & 1.000000e+25 & 
1945110118 131.639999 13.810000 1.000000e+25 & 1.000000e+25 & 
1945110200 131.199997 14.000000 1.000000e+25 & 1.000000e+25 & 
1945110206 130.350006 14.290000 1.000000e+25 & 1.000000e+25 & 
1945110212 129.000000 14.600000 1.000000e+25 & 1.000000e+25 & 
1945110218 127.699997 14.930000 1.000000e+25 & 1.000000e+25 & 
1945110300 126.400002 15.300000 1.000000e+25 & 1.000000e+25 & 
1945110306 125.260002 15.300000 1.000000e+25 & 1.000000e+25 & 
1945110312 124.000000 15.200000 1.000000e+25 & 1.000000e+25 & 
1945110318 123.190002 15.190000 1.000000e+25 & 1.000000e+25 & 
1945110400 122.400002 15.100000 1.000000e+25 & 1.000000e+25 & 
1945110406 121.000000 15.100000 1.000000e+25 & 1.000000e+25 & 
TRACK_ID  56 START_TIME 1945111412
POINT_NUM  11
1945111412 118.800003 9.800000 1.000000e+25 & 1.000000e+25 & 
1945111418 117.900002 10.210000 1.000000e+25 & 1.000000e+25 & 
1945111500 117.000000 10.600000 1.000000e+25 & 1.000000e+25 & 
1945111506 116.110001 10.910000 1.000000e+25 & 1.000000e+25 & 
1945111512 115.300003 11.300000 1.000000e+25 & 1.000000e+25 & 
1945111518 114.349998 11.960000 1.000000e+25 & 1.000000e+25 & 
1945111600 113.599998 12.400000 1.000000e+25 & 1.000000e+25 & 
1945111606 112.730003 12.710000 1.000000e+25 & 1.000000e+25 & 
1945111612 111.400002 13.000000 1.000000e+25 & 1.000000e+25 & 
1945111618 110.370003 13.350000 1.000000e+25 & 1.000000e+25 & 
1945111700 109.199997 13.400000 1.000000e+25 & 1.000000e+25 & 
TRACK_ID  57 START_TIME 1945112200
POINT_NUM  40
1945112200 138.360001 10.040000 1.000000e+25 & 1.000000e+25 & 
1945112206 137.139999 10.240000 1.000000e+25 & 1.000000e+25 & 
1945112212 136.050003 10.560000 1.000000e+25 & 1.000000e+25 & 
1945112218 134.860001 10.880000 1.000000e+25 & 1.000000e+25 & 
1945112300 133.619995 11.160000 1.000000e+25 & 1.000000e+25 & 
1945112306 131.899994 11.340000 1.000000e+25 & 1.000000e+25 & 
1945112312 130.889999 11.690000 1.000000e+25 & 1.000000e+25 & 
1945112318 129.990005 12.180000 1.000000e+25 & 1.000000e+25 & 
1945112400 129.100006 12.680000 1.000000e+25 & 1.000000e+25 & 
1945112406 128.279999 13.260000 1.000000e+25 & 1.000000e+25 & 
1945112412 127.879997 13.620000 1.000000e+25 & 1.000000e+25 & 
1945112418 127.680000 14.110000 1.000000e+25 & 1.000000e+25 & 
1945112500 127.449997 14.610000 1.000000e+25 & 1.000000e+25 & 
1945112506 127.400002 15.020000 1.000000e+25 & 1.000000e+25 & 
1945112512 127.750000 15.510000 1.000000e+25 & 1.000000e+25 & 
1945112518 128.250000 15.940000 1.000000e+25 & 1.000000e+25 & 
1945112600 128.830002 16.280001 1.000000e+25 & 1.000000e+25 & 
1945112606 129.259995 16.450001 1.000000e+25 & 1.000000e+25 & 
1945112612 130.240005 16.780001 1.000000e+25 & 1.000000e+25 & 
1945112618 131.009995 17.040001 1.000000e+25 & 1.000000e+25 & 
1945112700 131.839996 17.400000 1.000000e+25 & 1.000000e+25 & 
1945112706 132.580002 17.700001 1.000000e+25 & 1.000000e+25 & 
1945112712 133.570007 18.150000 1.000000e+25 & 1.000000e+25 & 
1945112718 134.500000 18.590000 1.000000e+25 & 1.000000e+25 & 
1945112800 135.410004 18.930000 1.000000e+25 & 1.000000e+25 & 
1945112806 136.380005 19.370001 1.000000e+25 & 1.000000e+25 & 
1945112812 137.229996 19.790001 1.000000e+25 & 1.000000e+25 & 
1945112818 138.139999 20.110001 1.000000e+25 & 1.000000e+25 & 
1945112900 138.889999 20.570000 1.000000e+25 & 1.000000e+25 & 
1945112906 139.539993 21.090000 1.000000e+25 & 1.000000e+25 & 
1945112912 140.350006 21.620001 1.000000e+25 & 1.000000e+25 & 
1945112918 141.600006 21.879999 1.000000e+25 & 1.000000e+25 & 
1945113000 142.800003 22.080000 1.000000e+25 & 1.000000e+25 & 
1945113006 143.949997 22.209999 1.000000e+25 & 1.000000e+25 & 
1945113012 145.000000 22.420000 1.000000e+25 & 1.000000e+25 & 
1945113018 146.009995 22.719999 1.000000e+25 & 1.000000e+25 & 
1945120100 147.309998 23.070000 1.000000e+25 & 1.000000e+25 & 
1945120106 148.889999 23.459999 1.000000e+25 & 1.000000e+25 & 
1945120112 150.479996 23.969999 1.000000e+25 & 1.000000e+25 & 
1945120118 151.970001 24.580000 1.000000e+25 & 1.000000e+25 & 
TRACK_ID  54 START_TIME 1945110518
POINT_NUM  14
1945110518 86.400002 6.700000 1.000000e+25 & 1.000000e+25 & 
1945110600 86.300003 6.900000 1.000000e+25 & 1.000000e+25 & 
1945110606 86.089996 7.100000 1.000000e+25 & 1.000000e+25 & 
1945110612 85.800003 7.390000 1.000000e+25 & 1.000000e+25 & 
1945110618 85.599998 7.620000 1.000000e+25 & 1.000000e+25 & 
1945110700 85.400002 7.990000 1.000000e+25 & 1.000000e+25 & 
1945110706 85.190002 8.190000 1.000000e+25 & 1.000000e+25 & 
1945110712 84.889999 8.290000 1.000000e+25 & 1.000000e+25 & 
1945110718 84.510002 8.390000 1.000000e+25 & 1.000000e+25 & 
1945110800 84.199997 8.510000 1.000000e+25 & 1.000000e+25 & 
1945110806 83.800003 8.610000 1.000000e+25 & 1.000000e+25 & 
1945110812 83.400002 8.700000 1.000000e+25 & 1.000000e+25 & 
1945110818 82.989998 8.700000 1.000000e+25 & 1.000000e+25 & 
1945110900 82.510002 8.700000 1.000000e+25 & 1.000000e+25 & 
TRACK_ID  58 START_TIME 1945112718
POINT_NUM  2
1945112718 89.800003 5.200000 1.000000e+25 & 1.000000e+25 & 
1945112800 89.500000 5.100000 1.000000e+25 & 1.000000e+25 & 
TRACK_ID  59 START_TIME 1945120318
POINT_NUM  10
1945120318 86.500000 7.600000 1.000000e+25 & 1.000000e+25 & 
1945120400 86.000000 7.900000 1.000000e+25 & 1.000000e+25 & 
1945120406 85.400002 8.200000 1.000000e+25 & 1.000000e+25 & 
1945120412 84.889999 8.490000 1.000000e+25 & 1.000000e+25 & 
1945120418 84.379997 8.790000 1.000000e+25 & 1.000000e+25 & 
1945120500 83.900002 9.090000 1.000000e+25 & 1.000000e+25 & 
1945120506 83.510002 9.290000 1.000000e+25 & 1.000000e+25 & 
1945120512 83.190002 9.300000 1.000000e+25 & 1.000000e+25 & 
1945120518 82.800003 9.310000 1.000000e+25 & 1.000000e+25 & 
1945120600 82.320000 9.420000 1.000000e+25 & 1.000000e+25 & 
TRACK_ID  60 START_TIME 1945121118
POINT_NUM  10
1945121118 87.699997 8.700000 1.000000e+25 & 1.000000e+25 & 
1945121200 86.800003 9.000000 1.000000e+25 & 1.000000e+25 & 
1945121206 85.889999 9.400000 1.000000e+25 & 1.000000e+25 & 
1945121212 85.080002 9.900000 1.000000e+25 & 1.000000e+25 & 
1945121218 84.419998 10.590000 1.000000e+25 & 1.000000e+25 & 
1945121300 84.120003 11.400000 1.000000e+25 & 1.000000e+25 & 
1945121306 84.089996 12.110000 1.000000e+25 & 1.000000e+25 & 
1945121312 84.199997 12.710000 1.000000e+25 & 1.000000e+25 & 
1945121318 84.410004 13.300000 1.000000e+25 & 1.000000e+25 & 
1945121400 84.680000 13.900000 1.000000e+25 & 1.000000e+25 & 
