0
0 0
TRACK_NUM        45 ADD_FLD    1   1 &0
TRACK_ID  1 START_TIME 1941020700
POINT_NUM  25
1941020700 149.899994 6.800000 1.000000e+25 & 1.000000e+25 & 
1941020706 148.869995 6.620000 1.000000e+25 & 1.000000e+25 & 
1941020712 147.800003 6.600000 1.000000e+25 & 1.000000e+25 & 
1941020718 146.679993 6.860000 1.000000e+25 & 1.000000e+25 & 
1941020800 145.699997 7.200000 1.000000e+25 & 1.000000e+25 & 
1941020806 145.050003 7.410000 1.000000e+25 & 1.000000e+25 & 
1941020812 144.500000 7.600000 1.000000e+25 & 1.000000e+25 & 
1941020818 143.759995 7.890000 1.000000e+25 & 1.000000e+25 & 
1941020900 143.100006 8.100000 1.000000e+25 & 1.000000e+25 & 
1941020906 142.679993 8.100000 1.000000e+25 & 1.000000e+25 & 
1941020912 142.399994 8.000000 1.000000e+25 & 1.000000e+25 & 
1941020918 142.149994 7.940000 1.000000e+25 & 1.000000e+25 & 
1941021000 141.899994 7.800000 1.000000e+25 & 1.000000e+25 & 
1941021006 141.570007 7.530000 1.000000e+25 & 1.000000e+25 & 
1941021012 141.199997 7.200000 1.000000e+25 & 1.000000e+25 & 
1941021018 140.880005 6.880000 1.000000e+25 & 1.000000e+25 & 
1941021100 140.399994 6.600000 1.000000e+25 & 1.000000e+25 & 
1941021106 139.610001 6.410000 1.000000e+25 & 1.000000e+25 & 
1941021112 138.699997 6.300000 1.000000e+25 & 1.000000e+25 & 
1941021118 137.919998 6.230000 1.000000e+25 & 1.000000e+25 & 
1941021200 137.100006 6.200000 1.000000e+25 & 1.000000e+25 & 
1941021206 136.119995 6.170000 1.000000e+25 & 1.000000e+25 & 
1941021212 135.100006 6.100000 1.000000e+25 & 1.000000e+25 & 
1941021218 134.130005 5.930000 1.000000e+25 & 1.000000e+25 & 
1941021300 133.199997 5.700000 1.000000e+25 & 1.000000e+25 & 
TRACK_ID  3 START_TIME 1941052500
POINT_NUM  5
1941052500 71.199997 10.700000 1.000000e+25 & 1.000000e+25 & 
1941052506 71.449997 10.700000 1.000000e+25 & 1.000000e+25 & 
1941052512 71.809998 10.700000 1.000000e+25 & 1.000000e+25 & 
1941052518 72.040001 10.700000 1.000000e+25 & 1.000000e+25 & 
1941052600 72.230003 10.700000 1.000000e+25 & 1.000000e+25 & 
TRACK_ID  2 START_TIME 1941052200
POINT_NUM  17
1941052200 95.099998 12.700000 1.000000e+25 & 1.000000e+25 & 
1941052206 94.769997 13.120000 1.000000e+25 & 1.000000e+25 & 
1941052212 94.379997 13.670000 1.000000e+25 & 1.000000e+25 & 
1941052218 94.129997 14.170000 1.000000e+25 & 1.000000e+25 & 
1941052300 93.860001 14.580000 1.000000e+25 & 1.000000e+25 & 
1941052306 93.570000 15.130000 1.000000e+25 & 1.000000e+25 & 
1941052312 93.190002 15.670000 1.000000e+25 & 1.000000e+25 & 
1941052318 92.879997 16.160000 1.000000e+25 & 1.000000e+25 & 
1941052400 92.580002 16.570000 1.000000e+25 & 1.000000e+25 & 
1941052406 92.209999 17.270000 1.000000e+25 & 1.000000e+25 & 
1941052412 91.800003 18.070000 1.000000e+25 & 1.000000e+25 & 
1941052418 91.400002 18.990000 1.000000e+25 & 1.000000e+25 & 
1941052500 91.070000 19.980000 1.000000e+25 & 1.000000e+25 & 
1941052506 90.830002 20.670000 1.000000e+25 & 1.000000e+25 & 
1941052512 90.629997 21.260000 1.000000e+25 & 1.000000e+25 & 
1941052518 90.589996 21.879999 1.000000e+25 & 1.000000e+25 & 
1941052600 90.669998 22.549999 1.000000e+25 & 1.000000e+25 & 
TRACK_ID  5 START_TIME 1941060400
POINT_NUM  5
1941060400 88.449997 20.350000 1.000000e+25 & 1.000000e+25 & 
1941060406 89.239998 20.600000 1.000000e+25 & 1.000000e+25 & 
1941060412 90.160004 20.959999 1.000000e+25 & 1.000000e+25 & 
1941060418 90.959999 21.389999 1.000000e+25 & 1.000000e+25 & 
1941060500 91.690002 21.879999 1.000000e+25 & 1.000000e+25 & 
TRACK_ID  7 START_TIME 1941061500
POINT_NUM  9
1941061500 90.099998 22.000000 1.000000e+25 & 1.000000e+25 & 
1941061506 90.250000 22.230000 1.000000e+25 & 1.000000e+25 & 
1941061512 90.370003 22.500000 1.000000e+25 & 1.000000e+25 & 
1941061518 90.470001 22.969999 1.000000e+25 & 1.000000e+25 & 
1941061600 90.500000 23.480000 1.000000e+25 & 1.000000e+25 & 
1941061606 90.440002 23.840000 1.000000e+25 & 1.000000e+25 & 
1941061612 90.419998 24.129999 1.000000e+25 & 1.000000e+25 & 
1941061618 90.339996 24.420000 1.000000e+25 & 1.000000e+25 & 
1941061700 90.309998 24.770000 1.000000e+25 & 1.000000e+25 & 
TRACK_ID  10 START_TIME 1941062612
POINT_NUM  39
1941062612 150.000000 5.000000 1.000000e+25 & 1.000000e+25 & 
1941062618 148.009995 5.240000 1.000000e+25 & 1.000000e+25 & 
1941062700 146.500000 5.500000 1.000000e+25 & 1.000000e+25 & 
1941062706 145.779999 5.790000 1.000000e+25 & 1.000000e+25 & 
1941062712 145.399994 6.100000 1.000000e+25 & 1.000000e+25 & 
1941062718 144.839996 6.370000 1.000000e+25 & 1.000000e+25 & 
1941062800 144.199997 6.700000 1.000000e+25 & 1.000000e+25 & 
1941062806 143.410004 7.150000 1.000000e+25 & 1.000000e+25 & 
1941062812 142.600006 7.700000 1.000000e+25 & 1.000000e+25 & 
1941062818 142.050003 8.270000 1.000000e+25 & 1.000000e+25 & 
1941062900 141.300003 9.000000 1.000000e+25 & 1.000000e+25 & 
1941062906 139.979996 10.030000 1.000000e+25 & 1.000000e+25 & 
1941062912 138.300003 11.000000 1.000000e+25 & 1.000000e+25 & 
1941062918 136.389999 11.560000 1.000000e+25 & 1.000000e+25 & 
1941063000 134.600006 11.900000 1.000000e+25 & 1.000000e+25 & 
1941063006 133.369995 12.170000 1.000000e+25 & 1.000000e+25 & 
1941063012 132.399994 12.400000 1.000000e+25 & 1.000000e+25 & 
1941063018 131.369995 12.630000 1.000000e+25 & 1.000000e+25 & 
1941070100 130.399994 13.000000 1.000000e+25 & 1.000000e+25 & 
1941070106 129.460007 13.670000 1.000000e+25 & 1.000000e+25 & 
1941070112 128.600006 14.400000 1.000000e+25 & 1.000000e+25 & 
1941070118 127.839996 14.910000 1.000000e+25 & 1.000000e+25 & 
1941070200 127.099998 15.400000 1.000000e+25 & 1.000000e+25 & 
1941070206 126.250000 16.000000 1.000000e+25 & 1.000000e+25 & 
1941070212 125.400002 16.600000 1.000000e+25 & 1.000000e+25 & 
1941070218 124.660004 17.110001 1.000000e+25 & 1.000000e+25 & 
1941070300 123.900002 17.600000 1.000000e+25 & 1.000000e+25 & 
1941070306 123.000000 18.090000 1.000000e+25 & 1.000000e+25 & 
1941070312 122.000000 18.600000 1.000000e+25 & 1.000000e+25 & 
1941070318 120.849998 19.170000 1.000000e+25 & 1.000000e+25 & 
1941070400 119.800003 19.700001 1.000000e+25 & 1.000000e+25 & 
1941070406 119.120003 20.110001 1.000000e+25 & 1.000000e+25 & 
1941070412 118.599998 20.500000 1.000000e+25 & 1.000000e+25 & 
1941070418 118.040001 20.950001 1.000000e+25 & 1.000000e+25 & 
1941070500 117.500000 21.500000 1.000000e+25 & 1.000000e+25 & 
1941070506 116.940002 22.209999 1.000000e+25 & 1.000000e+25 & 
1941070512 116.400002 23.000000 1.000000e+25 & 1.000000e+25 & 
1941070518 115.889999 23.760000 1.000000e+25 & 1.000000e+25 & 
1941070600 115.400002 24.500000 1.000000e+25 & 1.000000e+25 & 
TRACK_ID  6 START_TIME 1941060312
POINT_NUM  7
1941060312 123.000000 23.600000 1.000000e+25 & 1.000000e+25 & 
1941060318 123.480003 23.690001 1.000000e+25 & 1.000000e+25 & 
1941060400 124.199997 24.100000 1.000000e+25 & 1.000000e+25 & 
1941060406 125.300003 25.020000 1.000000e+25 & 1.000000e+25 & 
1941060412 126.500000 26.200001 1.000000e+25 & 1.000000e+25 & 
1941060418 127.519997 27.330000 1.000000e+25 & 1.000000e+25 & 
1941060500 128.399994 28.400000 1.000000e+25 & 1.000000e+25 & 
TRACK_ID  9 START_TIME 1941062100
POINT_NUM  56
1941062100 152.429993 6.700000 1.000000e+25 & 1.000000e+25 & 
1941062106 151.279999 6.740000 1.000000e+25 & 1.000000e+25 & 
1941062112 150.110001 6.900000 1.000000e+25 & 1.000000e+25 & 
1941062118 148.910004 7.250000 1.000000e+25 & 1.000000e+25 & 
1941062200 147.690002 7.800000 1.000000e+25 & 1.000000e+25 & 
1941062206 146.440002 8.530000 1.000000e+25 & 1.000000e+25 & 
1941062212 145.220001 9.210000 1.000000e+25 & 1.000000e+25 & 
1941062218 143.970001 9.840000 1.000000e+25 & 1.000000e+25 & 
1941062300 142.289993 10.660000 1.000000e+25 & 1.000000e+25 & 
1941062306 140.160004 11.620000 1.000000e+25 & 1.000000e+25 & 
1941062312 137.720001 12.260000 1.000000e+25 & 1.000000e+25 & 
1941062318 135.199997 12.540000 1.000000e+25 & 1.000000e+25 & 
1941062400 133.580002 12.660000 1.000000e+25 & 1.000000e+25 & 
1941062406 132.839996 12.700000 1.000000e+25 & 1.000000e+25 & 
1941062412 131.949997 12.700000 1.000000e+25 & 1.000000e+25 & 
1941062418 130.759995 12.680000 1.000000e+25 & 1.000000e+25 & 
1941062500 129.720001 12.730000 1.000000e+25 & 1.000000e+25 & 
1941062506 128.839996 12.880000 1.000000e+25 & 1.000000e+25 & 
1941062512 127.910004 13.160000 1.000000e+25 & 1.000000e+25 & 
1941062518 126.940002 13.570000 1.000000e+25 & 1.000000e+25 & 
1941062600 126.099998 14.010000 1.000000e+25 & 1.000000e+25 & 
1941062606 125.400002 14.460000 1.000000e+25 & 1.000000e+25 & 
1941062612 124.830002 14.970000 1.000000e+25 & 1.000000e+25 & 
1941062618 124.349998 15.540000 1.000000e+25 & 1.000000e+25 & 
1941062700 123.830002 16.020000 1.000000e+25 & 1.000000e+25 & 
1941062706 123.230003 16.400000 1.000000e+25 & 1.000000e+25 & 
1941062712 122.559998 16.809999 1.000000e+25 & 1.000000e+25 & 
1941062718 121.809998 17.250000 1.000000e+25 & 1.000000e+25 & 
1941062800 120.940002 17.790001 1.000000e+25 & 1.000000e+25 & 
1941062806 119.959999 18.410000 1.000000e+25 & 1.000000e+25 & 
1941062812 119.099998 18.940001 1.000000e+25 & 1.000000e+25 & 
1941062818 118.370003 19.370001 1.000000e+25 & 1.000000e+25 & 
1941062900 117.610001 19.860001 1.000000e+25 & 1.000000e+25 & 
1941062906 116.769997 20.410000 1.000000e+25 & 1.000000e+25 & 
1941062912 115.769997 20.990000 1.000000e+25 & 1.000000e+25 & 
1941062918 114.639999 21.590000 1.000000e+25 & 1.000000e+25 & 
1941063000 113.589996 22.200001 1.000000e+25 & 1.000000e+25 & 
1941063006 112.680000 22.830000 1.000000e+25 & 1.000000e+25 & 
1941063012 111.870003 23.580000 1.000000e+25 & 1.000000e+25 & 
1941063018 111.260002 24.469999 1.000000e+25 & 1.000000e+25 & 
1941070100 111.389999 25.639999 1.000000e+25 & 1.000000e+25 & 
1941070106 112.269997 27.000000 1.000000e+25 & 1.000000e+25 & 
1941070112 113.080002 27.930000 1.000000e+25 & 1.000000e+25 & 
1941070118 113.860001 28.549999 1.000000e+25 & 1.000000e+25 & 
1941070200 115.870003 29.940001 1.000000e+25 & 1.000000e+25 & 
1941070206 119.059998 32.180000 1.000000e+25 & 1.000000e+25 & 
1941070212 121.589996 35.049999 1.000000e+25 & 1.000000e+25 & 
1941070218 123.389999 38.230000 1.000000e+25 & 1.000000e+25 & 
1941070300 126.510002 40.160000 1.000000e+25 & 1.000000e+25 & 
1941070306 130.809998 40.720001 1.000000e+25 & 1.000000e+25 & 
1941070312 133.979996 41.619999 1.000000e+25 & 1.000000e+25 & 
1941070318 135.949997 43.180000 1.000000e+25 & 1.000000e+25 & 
1941070400 138.570007 44.709999 1.000000e+25 & 1.000000e+25 & 
1941070406 141.889999 46.090000 1.000000e+25 & 1.000000e+25 & 
1941070412 144.339996 47.549999 1.000000e+25 & 1.000000e+25 & 
1941070418 145.580002 49.160000 1.000000e+25 & 1.000000e+25 & 
TRACK_ID  15 START_TIME 1941070812
POINT_NUM  3
1941070812 150.000000 20.299999 1.000000e+25 & 1.000000e+25 & 
1941070818 149.110001 21.900000 1.000000e+25 & 1.000000e+25 & 
1941070900 148.199997 23.500000 1.000000e+25 & 1.000000e+25 & 
TRACK_ID  11 START_TIME 1941062800
POINT_NUM  25
1941062800 89.800003 21.000000 1.000000e+25 & 1.000000e+25 & 
1941062806 89.559998 20.990000 1.000000e+25 & 1.000000e+25 & 
1941062812 89.349998 20.910000 1.000000e+25 & 1.000000e+25 & 
1941062818 89.150002 20.840000 1.000000e+25 & 1.000000e+25 & 
1941062900 88.959999 20.809999 1.000000e+25 & 1.000000e+25 & 
1941062906 88.620003 20.740000 1.000000e+25 & 1.000000e+25 & 
1941062912 88.220001 20.709999 1.000000e+25 & 1.000000e+25 & 
1941062918 87.779999 20.629999 1.000000e+25 & 1.000000e+25 & 
1941063000 87.320000 20.600000 1.000000e+25 & 1.000000e+25 & 
1941063006 85.839996 20.600000 1.000000e+25 & 1.000000e+25 & 
1941063012 84.059998 20.740000 1.000000e+25 & 1.000000e+25 & 
1941063018 82.430000 21.070000 1.000000e+25 & 1.000000e+25 & 
1941070100 81.050003 21.770000 1.000000e+25 & 1.000000e+25 & 
1941070106 80.559998 22.080000 1.000000e+25 & 1.000000e+25 & 
1941070112 80.400002 22.350000 1.000000e+25 & 1.000000e+25 & 
1941070118 80.260002 22.559999 1.000000e+25 & 1.000000e+25 & 
1941070200 80.129997 22.840000 1.000000e+25 & 1.000000e+25 & 
1941070206 80.019997 23.070000 1.000000e+25 & 1.000000e+25 & 
1941070212 79.930000 23.340000 1.000000e+25 & 1.000000e+25 & 
1941070218 79.839996 23.540001 1.000000e+25 & 1.000000e+25 & 
1941070300 79.680000 23.660000 1.000000e+25 & 1.000000e+25 & 
1941070306 79.180000 23.920000 1.000000e+25 & 1.000000e+25 & 
1941070312 78.489998 24.219999 1.000000e+25 & 1.000000e+25 & 
1941070318 77.779999 24.510000 1.000000e+25 & 1.000000e+25 & 
1941070400 77.050003 24.719999 1.000000e+25 & 1.000000e+25 & 
TRACK_ID  16 START_TIME 1941071700
POINT_NUM  32
1941071700 150.970001 10.660000 1.000000e+25 & 1.000000e+25 & 
1941071706 150.360001 11.560000 1.000000e+25 & 1.000000e+25 & 
1941071712 149.889999 12.440000 1.000000e+25 & 1.000000e+25 & 
1941071718 149.589996 13.360000 1.000000e+25 & 1.000000e+25 & 
1941071800 149.470001 14.540000 1.000000e+25 & 1.000000e+25 & 
1941071806 149.470001 15.930000 1.000000e+25 & 1.000000e+25 & 
1941071812 149.240005 17.230000 1.000000e+25 & 1.000000e+25 & 
1941071818 148.740005 18.350000 1.000000e+25 & 1.000000e+25 & 
1941071900 148.059998 19.150000 1.000000e+25 & 1.000000e+25 & 
1941071906 147.210007 19.660000 1.000000e+25 & 1.000000e+25 & 
1941071912 146.100006 20.180000 1.000000e+25 & 1.000000e+25 & 
1941071918 144.800003 20.780001 1.000000e+25 & 1.000000e+25 & 
1941072000 143.679993 21.400000 1.000000e+25 & 1.000000e+25 & 
1941072006 142.830002 22.110001 1.000000e+25 & 1.000000e+25 & 
1941072012 142.210007 23.240000 1.000000e+25 & 1.000000e+25 & 
1941072018 141.779999 24.750000 1.000000e+25 & 1.000000e+25 & 
1941072100 141.410004 26.129999 1.000000e+25 & 1.000000e+25 & 
1941072106 141.039993 27.350000 1.000000e+25 & 1.000000e+25 & 
1941072112 140.440002 28.690001 1.000000e+25 & 1.000000e+25 & 
1941072118 139.679993 30.190001 1.000000e+25 & 1.000000e+25 & 
1941072200 139.250000 31.850000 1.000000e+25 & 1.000000e+25 & 
1941072206 139.259995 33.660000 1.000000e+25 & 1.000000e+25 & 
1941072212 139.559998 35.580002 1.000000e+25 & 1.000000e+25 & 
1941072218 140.169998 37.520000 1.000000e+25 & 1.000000e+25 & 
1941072300 141.050003 39.200001 1.000000e+25 & 1.000000e+25 & 
1941072306 142.240005 40.549999 1.000000e+25 & 1.000000e+25 & 
1941072312 143.820007 41.619999 1.000000e+25 & 1.000000e+25 & 
1941072318 145.820007 42.380001 1.000000e+25 & 1.000000e+25 & 
1941072400 148.300003 42.740002 1.000000e+25 & 1.000000e+25 & 
1941072406 151.149994 42.669998 1.000000e+25 & 1.000000e+25 & 
1941072412 154.009995 42.259998 1.000000e+25 & 1.000000e+25 & 
1941072418 156.699997 41.650002 1.000000e+25 & 1.000000e+25 & 
TRACK_ID  14 START_TIME 1941070900
POINT_NUM  28
1941070900 150.740005 14.960000 1.000000e+25 & 1.000000e+25 & 
1941070906 150.199997 15.110000 1.000000e+25 & 1.000000e+25 & 
1941070912 149.580002 15.310000 1.000000e+25 & 1.000000e+25 & 
1941070918 148.869995 15.570000 1.000000e+25 & 1.000000e+25 & 
1941071000 148.119995 15.820000 1.000000e+25 & 1.000000e+25 & 
1941071006 147.360001 16.070000 1.000000e+25 & 1.000000e+25 & 
1941071012 146.710007 16.360001 1.000000e+25 & 1.000000e+25 & 
1941071018 146.139999 16.680000 1.000000e+25 & 1.000000e+25 & 
1941071100 145.360001 16.760000 1.000000e+25 & 1.000000e+25 & 
1941071106 144.380005 16.709999 1.000000e+25 & 1.000000e+25 & 
1941071112 143.419998 17.379999 1.000000e+25 & 1.000000e+25 & 
1941071118 142.589996 18.809999 1.000000e+25 & 1.000000e+25 & 
1941071200 142.110001 20.309999 1.000000e+25 & 1.000000e+25 & 
1941071206 142.029999 21.719999 1.000000e+25 & 1.000000e+25 & 
1941071212 142.190002 23.020000 1.000000e+25 & 1.000000e+25 & 
1941071218 142.559998 24.200001 1.000000e+25 & 1.000000e+25 & 
1941071300 143.050003 25.440001 1.000000e+25 & 1.000000e+25 & 
1941071306 143.610001 26.740000 1.000000e+25 & 1.000000e+25 & 
1941071312 144.160004 27.950001 1.000000e+25 & 1.000000e+25 & 
1941071318 144.690002 29.180000 1.000000e+25 & 1.000000e+25 & 
1941071400 145.369995 31.049999 1.000000e+25 & 1.000000e+25 & 
1941071406 146.220001 33.599998 1.000000e+25 & 1.000000e+25 & 
1941071412 147.190002 36.459999 1.000000e+25 & 1.000000e+25 & 
1941071418 148.240005 39.400002 1.000000e+25 & 1.000000e+25 & 
1941071500 149.309998 41.750000 1.000000e+25 & 1.000000e+25 & 
1941071506 150.429993 43.480000 1.000000e+25 & 1.000000e+25 & 
1941071512 151.899994 45.160000 1.000000e+25 & 1.000000e+25 & 
1941071518 153.820007 46.980000 1.000000e+25 & 1.000000e+25 & 
TRACK_ID  21 START_TIME 1941080112
POINT_NUM  11
1941080112 120.500000 17.400000 1.000000e+25 & 1.000000e+25 & 
1941080118 120.059998 17.400000 1.000000e+25 & 1.000000e+25 & 
1941080200 119.400002 17.400000 1.000000e+25 & 1.000000e+25 & 
1941080206 118.379997 17.400000 1.000000e+25 & 1.000000e+25 & 
1941080212 117.199997 17.400000 1.000000e+25 & 1.000000e+25 & 
1941080218 116.099998 17.389999 1.000000e+25 & 1.000000e+25 & 
1941080300 115.099998 17.400000 1.000000e+25 & 1.000000e+25 & 
1941080306 114.309998 17.450001 1.000000e+25 & 1.000000e+25 & 
1941080312 113.599998 17.500000 1.000000e+25 & 1.000000e+25 & 
1941080318 112.830002 17.510000 1.000000e+25 & 1.000000e+25 & 
1941080400 112.000000 17.500000 1.000000e+25 & 1.000000e+25 & 
TRACK_ID  18 START_TIME 1941072300
POINT_NUM  28
1941072300 129.289993 16.690001 1.000000e+25 & 1.000000e+25 & 
1941072306 128.850006 17.129999 1.000000e+25 & 1.000000e+25 & 
1941072312 128.330002 17.709999 1.000000e+25 & 1.000000e+25 & 
1941072318 127.809998 18.389999 1.000000e+25 & 1.000000e+25 & 
1941072400 127.480003 18.959999 1.000000e+25 & 1.000000e+25 & 
1941072406 127.320000 19.400000 1.000000e+25 & 1.000000e+25 & 
1941072412 126.849998 19.760000 1.000000e+25 & 1.000000e+25 & 
1941072418 126.220001 20.120001 1.000000e+25 & 1.000000e+25 & 
1941072500 126.629997 20.820000 1.000000e+25 & 1.000000e+25 & 
1941072506 128.070007 21.820000 1.000000e+25 & 1.000000e+25 & 
1941072512 129.309998 22.629999 1.000000e+25 & 1.000000e+25 & 
1941072518 130.110001 23.270000 1.000000e+25 & 1.000000e+25 & 
1941072600 130.610001 24.309999 1.000000e+25 & 1.000000e+25 & 
1941072606 130.869995 25.770000 1.000000e+25 & 1.000000e+25 & 
1941072612 131.160004 27.150000 1.000000e+25 & 1.000000e+25 & 
1941072618 131.589996 28.350000 1.000000e+25 & 1.000000e+25 & 
1941072700 132.289993 29.430000 1.000000e+25 & 1.000000e+25 & 
1941072706 133.259995 30.379999 1.000000e+25 & 1.000000e+25 & 
1941072712 134.339996 31.200001 1.000000e+25 & 1.000000e+25 & 
1941072718 135.490005 31.889999 1.000000e+25 & 1.000000e+25 & 
1941072800 136.690002 32.480000 1.000000e+25 & 1.000000e+25 & 
1941072806 137.979996 33.009998 1.000000e+25 & 1.000000e+25 & 
1941072812 139.500000 33.630001 1.000000e+25 & 1.000000e+25 & 
1941072818 141.279999 34.340000 1.000000e+25 & 1.000000e+25 & 
1941072900 143.089996 35.020000 1.000000e+25 & 1.000000e+25 & 
1941072906 144.919998 35.700001 1.000000e+25 & 1.000000e+25 & 
1941072912 146.929993 36.549999 1.000000e+25 & 1.000000e+25 & 
1941072918 149.139999 37.570000 1.000000e+25 & 1.000000e+25 & 
TRACK_ID  19 START_TIME 1941072800
POINT_NUM  5
1941072800 91.699997 20.700001 1.000000e+25 & 1.000000e+25 & 
1941072806 91.459999 21.180000 1.000000e+25 & 1.000000e+25 & 
1941072812 91.180000 21.750000 1.000000e+25 & 1.000000e+25 & 
1941072818 90.809998 22.330000 1.000000e+25 & 1.000000e+25 & 
1941072900 90.430000 22.900000 1.000000e+25 & 1.000000e+25 & 
TRACK_ID  17 START_TIME 1941072200
POINT_NUM  20
1941072200 145.240005 18.280001 1.000000e+25 & 1.000000e+25 & 
1941072206 144.690002 18.830000 1.000000e+25 & 1.000000e+25 & 
1941072212 144.100006 19.360001 1.000000e+25 & 1.000000e+25 & 
1941072218 143.490005 19.860001 1.000000e+25 & 1.000000e+25 & 
1941072300 142.949997 20.320000 1.000000e+25 & 1.000000e+25 & 
1941072306 142.460007 20.760000 1.000000e+25 & 1.000000e+25 & 
1941072312 141.990005 21.200001 1.000000e+25 & 1.000000e+25 & 
1941072318 141.399994 21.760000 1.000000e+25 & 1.000000e+25 & 
1941072400 140.149994 22.750000 1.000000e+25 & 1.000000e+25 & 
1941072406 138.220001 24.260000 1.000000e+25 & 1.000000e+25 & 
1941072412 136.190002 26.320000 1.000000e+25 & 1.000000e+25 & 
1941072418 134.279999 28.770000 1.000000e+25 & 1.000000e+25 & 
1941072500 132.899994 30.820000 1.000000e+25 & 1.000000e+25 & 
1941072506 132.169998 32.380001 1.000000e+25 & 1.000000e+25 & 
1941072512 131.770004 33.860001 1.000000e+25 & 1.000000e+25 & 
1941072518 131.720001 35.310001 1.000000e+25 & 1.000000e+25 & 
1941072600 132.559998 36.669998 1.000000e+25 & 1.000000e+25 & 
1941072606 134.210007 37.950001 1.000000e+25 & 1.000000e+25 & 
1941072612 135.910004 39.270000 1.000000e+25 & 1.000000e+25 & 
1941072618 137.330002 40.680000 1.000000e+25 & 1.000000e+25 & 
TRACK_ID  23 START_TIME 1941080800
POINT_NUM  21
1941080800 88.500000 20.600000 1.000000e+25 & 1.000000e+25 & 
1941080806 88.080002 21.250000 1.000000e+25 & 1.000000e+25 & 
1941080812 87.370003 21.870001 1.000000e+25 & 1.000000e+25 & 
1941080818 86.570000 22.180000 1.000000e+25 & 1.000000e+25 & 
1941080900 85.680000 22.360001 1.000000e+25 & 1.000000e+25 & 
1941080906 84.320000 22.620001 1.000000e+25 & 1.000000e+25 & 
1941080912 82.800003 22.920000 1.000000e+25 & 1.000000e+25 & 
1941080918 81.239998 23.230000 1.000000e+25 & 1.000000e+25 & 
1941081000 79.720001 23.459999 1.000000e+25 & 1.000000e+25 & 
1941081006 78.750000 23.520000 1.000000e+25 & 1.000000e+25 & 
1941081012 78.040001 23.510000 1.000000e+25 & 1.000000e+25 & 
1941081018 77.500000 23.510000 1.000000e+25 & 1.000000e+25 & 
1941081100 77.000000 23.590000 1.000000e+25 & 1.000000e+25 & 
1941081106 76.660004 23.610001 1.000000e+25 & 1.000000e+25 & 
1941081112 76.370003 23.680000 1.000000e+25 & 1.000000e+25 & 
1941081118 76.089996 23.770000 1.000000e+25 & 1.000000e+25 & 
1941081200 75.800003 23.940001 1.000000e+25 & 1.000000e+25 & 
1941081206 75.260002 24.219999 1.000000e+25 & 1.000000e+25 & 
1941081212 74.650002 24.600000 1.000000e+25 & 1.000000e+25 & 
1941081218 74.190002 24.990000 1.000000e+25 & 1.000000e+25 & 
1941081300 73.809998 25.370001 1.000000e+25 & 1.000000e+25 & 
TRACK_ID  22 START_TIME 1941080700
POINT_NUM  40
1941080700 151.149994 11.360000 1.000000e+25 & 1.000000e+25 & 
1941080706 149.649994 12.420000 1.000000e+25 & 1.000000e+25 & 
1941080712 148.740005 13.340000 1.000000e+25 & 1.000000e+25 & 
1941080718 148.410004 14.130000 1.000000e+25 & 1.000000e+25 & 
1941080800 148.119995 14.860000 1.000000e+25 & 1.000000e+25 & 
1941080806 147.770004 15.560000 1.000000e+25 & 1.000000e+25 & 
1941080812 147.449997 16.240000 1.000000e+25 & 1.000000e+25 & 
1941080818 147.119995 16.930000 1.000000e+25 & 1.000000e+25 & 
1941080900 146.600006 17.730000 1.000000e+25 & 1.000000e+25 & 
1941080906 145.889999 18.610001 1.000000e+25 & 1.000000e+25 & 
1941080912 145.139999 19.320000 1.000000e+25 & 1.000000e+25 & 
1941080918 144.389999 19.860001 1.000000e+25 & 1.000000e+25 & 
1941081000 143.619995 20.370001 1.000000e+25 & 1.000000e+25 & 
1941081006 142.820007 20.879999 1.000000e+25 & 1.000000e+25 & 
1941081012 141.960007 21.280001 1.000000e+25 & 1.000000e+25 & 
1941081018 141.009995 21.570000 1.000000e+25 & 1.000000e+25 & 
1941081100 139.949997 21.840000 1.000000e+25 & 1.000000e+25 & 
1941081106 138.779999 22.090000 1.000000e+25 & 1.000000e+25 & 
1941081112 137.630005 22.270000 1.000000e+25 & 1.000000e+25 & 
1941081118 136.520004 22.400000 1.000000e+25 & 1.000000e+25 & 
1941081200 135.509995 22.629999 1.000000e+25 & 1.000000e+25 & 
1941081206 134.610001 22.969999 1.000000e+25 & 1.000000e+25 & 
1941081212 133.759995 23.469999 1.000000e+25 & 1.000000e+25 & 
1941081218 132.990005 24.090000 1.000000e+25 & 1.000000e+25 & 
1941081300 132.490005 24.660000 1.000000e+25 & 1.000000e+25 & 
1941081306 132.250000 25.139999 1.000000e+25 & 1.000000e+25 & 
1941081312 132.110001 25.610001 1.000000e+25 & 1.000000e+25 & 
1941081318 132.039993 26.160000 1.000000e+25 & 1.000000e+25 & 
1941081400 132.259995 27.219999 1.000000e+25 & 1.000000e+25 & 
1941081406 132.750000 28.780001 1.000000e+25 & 1.000000e+25 & 
1941081412 133.169998 30.299999 1.000000e+25 & 1.000000e+25 & 
1941081418 133.500000 31.770000 1.000000e+25 & 1.000000e+25 & 
1941081500 133.940002 33.580002 1.000000e+25 & 1.000000e+25 & 
1941081506 134.570007 35.689999 1.000000e+25 & 1.000000e+25 & 
1941081512 135.550003 37.660000 1.000000e+25 & 1.000000e+25 & 
1941081518 136.809998 39.299999 1.000000e+25 & 1.000000e+25 & 
1941081600 137.860001 40.330002 1.000000e+25 & 1.000000e+25 & 
1941081606 138.619995 40.770000 1.000000e+25 & 1.000000e+25 & 
1941081612 139.410004 41.020000 1.000000e+25 & 1.000000e+25 & 
1941081618 140.320007 41.270000 1.000000e+25 & 1.000000e+25 & 
TRACK_ID  27 START_TIME 1941081600
POINT_NUM  36
1941081600 130.110001 21.440001 1.000000e+25 & 1.000000e+25 & 
1941081606 129.639999 21.330000 1.000000e+25 & 1.000000e+25 & 
1941081612 129.449997 21.290001 1.000000e+25 & 1.000000e+25 & 
1941081618 129.490005 21.290001 1.000000e+25 & 1.000000e+25 & 
1941081700 129.429993 21.299999 1.000000e+25 & 1.000000e+25 & 
1941081706 129.220001 21.290001 1.000000e+25 & 1.000000e+25 & 
1941081712 129.009995 21.309999 1.000000e+25 & 1.000000e+25 & 
1941081718 128.809998 21.360001 1.000000e+25 & 1.000000e+25 & 
1941081800 128.559998 21.410000 1.000000e+25 & 1.000000e+25 & 
1941081806 128.240005 21.500000 1.000000e+25 & 1.000000e+25 & 
1941081812 127.970001 21.770000 1.000000e+25 & 1.000000e+25 & 
1941081818 127.769997 22.240000 1.000000e+25 & 1.000000e+25 & 
1941081900 127.639999 22.740000 1.000000e+25 & 1.000000e+25 & 
1941081906 127.589996 23.250000 1.000000e+25 & 1.000000e+25 & 
1941081912 127.650002 23.750000 1.000000e+25 & 1.000000e+25 & 
1941081918 127.769997 24.260000 1.000000e+25 & 1.000000e+25 & 
1941082000 127.769997 24.740000 1.000000e+25 & 1.000000e+25 & 
1941082006 127.599998 25.190001 1.000000e+25 & 1.000000e+25 & 
1941082012 127.400002 25.570000 1.000000e+25 & 1.000000e+25 & 
1941082018 127.199997 25.889999 1.000000e+25 & 1.000000e+25 & 
1941082100 127.010002 26.389999 1.000000e+25 & 1.000000e+25 & 
1941082106 126.860001 27.070000 1.000000e+25 & 1.000000e+25 & 
1941082112 126.750000 27.600000 1.000000e+25 & 1.000000e+25 & 
1941082118 126.669998 28.040001 1.000000e+25 & 1.000000e+25 & 
1941082200 126.480003 28.940001 1.000000e+25 & 1.000000e+25 & 
1941082206 126.199997 30.330000 1.000000e+25 & 1.000000e+25 & 
1941082212 126.089996 31.850000 1.000000e+25 & 1.000000e+25 & 
1941082218 126.129997 33.369999 1.000000e+25 & 1.000000e+25 & 
1941082300 125.970001 34.700001 1.000000e+25 & 1.000000e+25 & 
1941082306 125.559998 35.880001 1.000000e+25 & 1.000000e+25 & 
1941082312 124.970001 37.610001 1.000000e+25 & 1.000000e+25 & 
1941082318 124.300003 39.779999 1.000000e+25 & 1.000000e+25 & 
1941082400 124.089996 41.330002 1.000000e+25 & 1.000000e+25 & 
1941082406 124.389999 42.119999 1.000000e+25 & 1.000000e+25 & 
1941082412 124.800003 42.660000 1.000000e+25 & 1.000000e+25 & 
1941082418 125.139999 43.160000 1.000000e+25 & 1.000000e+25 & 
TRACK_ID  26 START_TIME 1941081500
POINT_NUM  21
1941081500 92.300003 19.100000 1.000000e+25 & 1.000000e+25 & 
1941081506 92.370003 19.660000 1.000000e+25 & 1.000000e+25 & 
1941081512 92.309998 20.320000 1.000000e+25 & 1.000000e+25 & 
1941081518 92.220001 21.090000 1.000000e+25 & 1.000000e+25 & 
1941081600 91.830002 21.680000 1.000000e+25 & 1.000000e+25 & 
1941081606 91.059998 21.920000 1.000000e+25 & 1.000000e+25 & 
1941081612 90.139999 22.000000 1.000000e+25 & 1.000000e+25 & 
1941081618 89.309998 22.000000 1.000000e+25 & 1.000000e+25 & 
1941081700 88.519997 22.059999 1.000000e+25 & 1.000000e+25 & 
1941081706 87.430000 22.379999 1.000000e+25 & 1.000000e+25 & 
1941081712 86.279999 22.870001 1.000000e+25 & 1.000000e+25 & 
1941081718 85.309998 23.370001 1.000000e+25 & 1.000000e+25 & 
1941081800 84.430000 23.799999 1.000000e+25 & 1.000000e+25 & 
1941081806 83.389999 24.129999 1.000000e+25 & 1.000000e+25 & 
1941081812 82.290001 24.280001 1.000000e+25 & 1.000000e+25 & 
1941081818 81.089996 24.309999 1.000000e+25 & 1.000000e+25 & 
1941081900 79.949997 24.219999 1.000000e+25 & 1.000000e+25 & 
1941081906 79.209999 24.190001 1.000000e+25 & 1.000000e+25 & 
1941081912 78.699997 24.110001 1.000000e+25 & 1.000000e+25 & 
1941081918 78.309998 24.090000 1.000000e+25 & 1.000000e+25 & 
1941082000 77.930000 24.020000 1.000000e+25 & 1.000000e+25 & 
TRACK_ID  28 START_TIME 1941081612
POINT_NUM  15
1941081612 150.000000 7.500000 1.000000e+25 & 1.000000e+25 & 
1941081618 148.240005 8.290000 1.000000e+25 & 1.000000e+25 & 
1941081700 146.800003 9.000000 1.000000e+25 & 1.000000e+25 & 
1941081706 145.889999 9.600000 1.000000e+25 & 1.000000e+25 & 
1941081712 145.199997 10.200000 1.000000e+25 & 1.000000e+25 & 
1941081718 144.259995 10.950000 1.000000e+25 & 1.000000e+25 & 
1941081800 143.399994 11.700000 1.000000e+25 & 1.000000e+25 & 
1941081806 142.770004 12.300000 1.000000e+25 & 1.000000e+25 & 
1941081812 142.300003 12.900000 1.000000e+25 & 1.000000e+25 & 
1941081818 141.869995 13.540000 1.000000e+25 & 1.000000e+25 & 
1941081900 141.600006 14.400000 1.000000e+25 & 1.000000e+25 & 
1941081906 141.440002 15.620000 1.000000e+25 & 1.000000e+25 & 
1941081912 141.600006 17.000000 1.000000e+25 & 1.000000e+25 & 
1941081918 142.169998 18.290001 1.000000e+25 & 1.000000e+25 & 
1941082000 143.000000 19.500000 1.000000e+25 & 1.000000e+25 & 
TRACK_ID  25 START_TIME 1941081300
POINT_NUM  32
1941081300 144.860001 20.590000 1.000000e+25 & 1.000000e+25 & 
1941081306 144.449997 20.070000 1.000000e+25 & 1.000000e+25 & 
1941081312 143.639999 19.820000 1.000000e+25 & 1.000000e+25 & 
1941081318 142.729996 19.930000 1.000000e+25 & 1.000000e+25 & 
1941081400 142.580002 20.360001 1.000000e+25 & 1.000000e+25 & 
1941081406 143.250000 21.010000 1.000000e+25 & 1.000000e+25 & 
1941081412 144.169998 21.440001 1.000000e+25 & 1.000000e+25 & 
1941081418 145.100006 21.650000 1.000000e+25 & 1.000000e+25 & 
1941081500 145.580002 22.160000 1.000000e+25 & 1.000000e+25 & 
1941081506 145.449997 22.910000 1.000000e+25 & 1.000000e+25 & 
1941081512 144.380005 22.830000 1.000000e+25 & 1.000000e+25 & 
1941081518 142.679993 22.110001 1.000000e+25 & 1.000000e+25 & 
1941081600 142.020004 22.730000 1.000000e+25 & 1.000000e+25 & 
1941081606 142.559998 24.760000 1.000000e+25 & 1.000000e+25 & 
1941081612 143.380005 26.600000 1.000000e+25 & 1.000000e+25 & 
1941081618 144.220001 27.920000 1.000000e+25 & 1.000000e+25 & 
1941081700 144.869995 28.750000 1.000000e+25 & 1.000000e+25 & 
1941081706 145.289993 29.150000 1.000000e+25 & 1.000000e+25 & 
1941081712 145.690002 29.510000 1.000000e+25 & 1.000000e+25 & 
1941081718 146.190002 29.910000 1.000000e+25 & 1.000000e+25 & 
1941081800 147.229996 30.379999 1.000000e+25 & 1.000000e+25 & 
1941081806 148.770004 30.799999 1.000000e+25 & 1.000000e+25 & 
1941081812 150.070007 30.570000 1.000000e+25 & 1.000000e+25 & 
1941081818 151.009995 29.700001 1.000000e+25 & 1.000000e+25 & 
1941081900 151.820007 28.809999 1.000000e+25 & 1.000000e+25 & 
1941081906 152.490005 27.980000 1.000000e+25 & 1.000000e+25 & 
1941081912 152.789993 26.910000 1.000000e+25 & 1.000000e+25 & 
1941081918 152.740005 25.660000 1.000000e+25 & 1.000000e+25 & 
1941082000 152.690002 24.559999 1.000000e+25 & 1.000000e+25 & 
1941082006 152.720001 23.760000 1.000000e+25 & 1.000000e+25 & 
1941082012 152.940002 23.650000 1.000000e+25 & 1.000000e+25 & 
1941082018 153.360001 24.209999 1.000000e+25 & 1.000000e+25 & 
TRACK_ID  20 START_TIME 1941073112
POINT_NUM  50
1941073112 150.110001 9.860000 1.000000e+25 & 1.000000e+25 & 
1941073118 149.350006 9.890000 1.000000e+25 & 1.000000e+25 & 
1941080100 148.679993 10.200000 1.000000e+25 & 1.000000e+25 & 
1941080106 148.240005 10.740000 1.000000e+25 & 1.000000e+25 & 
1941080112 148.410004 11.170000 1.000000e+25 & 1.000000e+25 & 
1941080118 149.029999 11.440000 1.000000e+25 & 1.000000e+25 & 
1941080200 149.130005 11.810000 1.000000e+25 & 1.000000e+25 & 
1941080206 148.520004 12.280000 1.000000e+25 & 1.000000e+25 & 
1941080212 147.320007 12.660000 1.000000e+25 & 1.000000e+25 & 
1941080218 145.720001 12.940000 1.000000e+25 & 1.000000e+25 & 
1941080300 144.500000 13.300000 1.000000e+25 & 1.000000e+25 & 
1941080306 143.779999 13.750000 1.000000e+25 & 1.000000e+25 & 
1941080312 143.220001 14.230000 1.000000e+25 & 1.000000e+25 & 
1941080318 142.690002 14.730000 1.000000e+25 & 1.000000e+25 & 
1941080400 142.039993 15.280000 1.000000e+25 & 1.000000e+25 & 
1941080406 141.220001 15.880000 1.000000e+25 & 1.000000e+25 & 
1941080412 140.440002 16.490000 1.000000e+25 & 1.000000e+25 & 
1941080418 139.669998 17.129999 1.000000e+25 & 1.000000e+25 & 
1941080500 138.649994 17.879999 1.000000e+25 & 1.000000e+25 & 
1941080506 137.339996 18.809999 1.000000e+25 & 1.000000e+25 & 
1941080512 135.789993 20.139999 1.000000e+25 & 1.000000e+25 & 
1941080518 134.089996 21.809999 1.000000e+25 & 1.000000e+25 & 
1941080600 132.699997 23.270000 1.000000e+25 & 1.000000e+25 & 
1941080606 131.619995 24.450001 1.000000e+25 & 1.000000e+25 & 
1941080612 130.139999 25.610001 1.000000e+25 & 1.000000e+25 & 
1941080618 128.300003 26.700001 1.000000e+25 & 1.000000e+25 & 
1941080700 126.940002 27.330000 1.000000e+25 & 1.000000e+25 & 
1941080706 126.160004 27.570000 1.000000e+25 & 1.000000e+25 & 
1941080712 125.339996 27.910000 1.000000e+25 & 1.000000e+25 & 
1941080718 124.419998 28.450001 1.000000e+25 & 1.000000e+25 & 
1941080800 123.589996 29.209999 1.000000e+25 & 1.000000e+25 & 
1941080806 122.930000 30.170000 1.000000e+25 & 1.000000e+25 & 
1941080812 122.529999 31.270000 1.000000e+25 & 1.000000e+25 & 
1941080818 122.430000 32.419998 1.000000e+25 & 1.000000e+25 & 
1941080900 122.629997 33.259998 1.000000e+25 & 1.000000e+25 & 
1941080906 123.059998 33.779999 1.000000e+25 & 1.000000e+25 & 
1941080912 123.500000 34.250000 1.000000e+25 & 1.000000e+25 & 
1941080918 123.889999 34.740002 1.000000e+25 & 1.000000e+25 & 
1941081000 124.320000 35.279999 1.000000e+25 & 1.000000e+25 & 
1941081006 124.779999 35.880001 1.000000e+25 & 1.000000e+25 & 
1941081012 125.230003 36.540001 1.000000e+25 & 1.000000e+25 & 
1941081018 125.650002 37.259998 1.000000e+25 & 1.000000e+25 & 
1941081100 125.879997 37.930000 1.000000e+25 & 1.000000e+25 & 
1941081106 125.910004 38.540001 1.000000e+25 & 1.000000e+25 & 
1941081112 125.820000 39.000000 1.000000e+25 & 1.000000e+25 & 
1941081118 125.750000 39.330002 1.000000e+25 & 1.000000e+25 & 
1941081200 126.279999 39.720001 1.000000e+25 & 1.000000e+25 & 
1941081206 127.440002 40.189999 1.000000e+25 & 1.000000e+25 & 
1941081212 128.750000 40.580002 1.000000e+25 & 1.000000e+25 & 
1941081218 129.990005 40.869999 1.000000e+25 & 1.000000e+25 & 
TRACK_ID  30 START_TIME 1941082500
POINT_NUM  9
1941082500 89.099998 23.100000 1.000000e+25 & 1.000000e+25 & 
1941082506 89.019997 23.410000 1.000000e+25 & 1.000000e+25 & 
1941082512 88.930000 23.719999 1.000000e+25 & 1.000000e+25 & 
1941082518 88.769997 24.030001 1.000000e+25 & 1.000000e+25 & 
1941082600 88.500000 24.320000 1.000000e+25 & 1.000000e+25 & 
1941082606 87.889999 24.680000 1.000000e+25 & 1.000000e+25 & 
1941082612 87.089996 25.010000 1.000000e+25 & 1.000000e+25 & 
1941082618 86.510002 25.379999 1.000000e+25 & 1.000000e+25 & 
1941082700 86.110001 25.760000 1.000000e+25 & 1.000000e+25 & 
TRACK_ID  31 START_TIME 1941083100
POINT_NUM  9
1941083100 85.599998 24.799999 1.000000e+25 & 1.000000e+25 & 
1941083106 85.260002 24.969999 1.000000e+25 & 1.000000e+25 & 
1941083112 84.800003 25.160000 1.000000e+25 & 1.000000e+25 & 
1941083118 84.410004 25.280001 1.000000e+25 & 1.000000e+25 & 
1941090100 84.019997 25.370001 1.000000e+25 & 1.000000e+25 & 
1941090106 83.400002 25.549999 1.000000e+25 & 1.000000e+25 & 
1941090112 82.760002 25.830000 1.000000e+25 & 1.000000e+25 & 
1941090118 82.230003 26.110001 1.000000e+25 & 1.000000e+25 & 
1941090200 81.830002 26.400000 1.000000e+25 & 1.000000e+25 & 
TRACK_ID  34 START_TIME 1941090700
POINT_NUM  21
1941090700 89.099998 20.100000 1.000000e+25 & 1.000000e+25 & 
1941090706 88.550003 20.650000 1.000000e+25 & 1.000000e+25 & 
1941090712 87.809998 21.230000 1.000000e+25 & 1.000000e+25 & 
1941090718 86.910004 21.920000 1.000000e+25 & 1.000000e+25 & 
1941090800 85.919998 22.480000 1.000000e+25 & 1.000000e+25 & 
1941090806 85.230003 22.719999 1.000000e+25 & 1.000000e+25 & 
1941090812 84.709999 22.879999 1.000000e+25 & 1.000000e+25 & 
1941090818 84.389999 22.969999 1.000000e+25 & 1.000000e+25 & 
1941090900 84.059998 23.059999 1.000000e+25 & 1.000000e+25 & 
1941090906 82.900002 23.370001 1.000000e+25 & 1.000000e+25 & 
1941090912 81.379997 23.709999 1.000000e+25 & 1.000000e+25 & 
1941090918 80.160004 24.010000 1.000000e+25 & 1.000000e+25 & 
1941091000 79.080002 24.299999 1.000000e+25 & 1.000000e+25 & 
1941091006 77.760002 24.830000 1.000000e+25 & 1.000000e+25 & 
1941091012 76.419998 25.580000 1.000000e+25 & 1.000000e+25 & 
1941091018 75.320000 26.570000 1.000000e+25 & 1.000000e+25 & 
1941091100 74.459999 27.750000 1.000000e+25 & 1.000000e+25 & 
1941091106 74.040001 28.420000 1.000000e+25 & 1.000000e+25 & 
1941091112 73.830002 28.969999 1.000000e+25 & 1.000000e+25 & 
1941091118 73.669998 29.570000 1.000000e+25 & 1.000000e+25 & 
1941091200 73.480003 30.240000 1.000000e+25 & 1.000000e+25 & 
TRACK_ID  37 START_TIME 1941091100
POINT_NUM  22
1941091100 273.299988 27.100000 1.000000e+25 & 1.286000e+01 & 
1941091106 272.799988 27.400000 1.000000e+25 & 1.543000e+01 & 
1941091112 272.299988 27.700001 1.000000e+25 & 1.801000e+01 & 
1941091118 271.899994 28.000000 1.000000e+25 & 1.801000e+01 & 
1941091200 271.500000 28.299999 1.000000e+25 & 2.058000e+01 & 
1941091206 271.200012 28.299999 1.001000e+03 & 2.058000e+01 & 
1941091212 270.899994 28.100000 1.000000e+25 & 2.315000e+01 & 
1941091218 270.700012 28.000000 1.000000e+25 & 2.572000e+01 & 
1941091300 270.399994 27.900000 1.000000e+25 & 2.572000e+01 & 
1941091306 270.100006 28.000000 1.000000e+25 & 2.315000e+01 & 
1941091312 269.799988 28.100000 1.001000e+03 & 2.315000e+01 & 
1941091318 269.200012 28.299999 1.000000e+25 & 2.058000e+01 & 
1941091400 268.399994 28.500000 1.000000e+25 & 2.058000e+01 & 
1941091406 267.500000 28.700001 1.002000e+03 & 2.058000e+01 & 
1941091412 266.799988 29.100000 1.004000e+03 & 1.801000e+01 & 
1941091418 266.399994 29.400000 1.000000e+25 & 1.543000e+01 & 
1941091500 266.000000 29.600000 1.006000e+03 & 1.543000e+01 & 
1941091506 265.700012 29.700001 1.007000e+03 & 1.543000e+01 & 
1941091512 265.500000 29.799999 1.007000e+03 & 1.286000e+01 & 
1941091518 265.100006 29.900000 1.007000e+03 & 1.286000e+01 & 
1941091600 264.399994 29.799999 1.007000e+03 & 1.286000e+01 & 
1941091606 263.700012 29.799999 1.000000e+25 & 1.029000e+01 & 
TRACK_ID  33 START_TIME 1941090200
POINT_NUM  20
1941090200 154.360001 20.490000 1.000000e+25 & 1.000000e+25 & 
1941090206 153.309998 21.240000 1.000000e+25 & 1.000000e+25 & 
1941090212 152.309998 21.950001 1.000000e+25 & 1.000000e+25 & 
1941090218 151.369995 22.600000 1.000000e+25 & 1.000000e+25 & 
1941090300 150.410004 23.170000 1.000000e+25 & 1.000000e+25 & 
1941090306 149.419998 23.700001 1.000000e+25 & 1.000000e+25 & 
1941090312 148.339996 24.370001 1.000000e+25 & 1.000000e+25 & 
1941090318 147.220001 25.190001 1.000000e+25 & 1.000000e+25 & 
1941090400 146.240005 25.969999 1.000000e+25 & 1.000000e+25 & 
1941090406 145.449997 26.700001 1.000000e+25 & 1.000000e+25 & 
1941090412 144.789993 27.480000 1.000000e+25 & 1.000000e+25 & 
1941090418 144.220001 28.389999 1.000000e+25 & 1.000000e+25 & 
1941090500 143.429993 29.760000 1.000000e+25 & 1.000000e+25 & 
1941090506 142.500000 31.600000 1.000000e+25 & 1.000000e+25 & 
1941090512 142.089996 33.500000 1.000000e+25 & 1.000000e+25 & 
1941090518 142.320007 35.450001 1.000000e+25 & 1.000000e+25 & 
1941090600 142.949997 37.919998 1.000000e+25 & 1.000000e+25 & 
1941090606 143.899994 40.869999 1.000000e+25 & 1.000000e+25 & 
1941090612 144.860001 43.900002 1.000000e+25 & 1.000000e+25 & 
1941090618 145.690002 46.849998 1.000000e+25 & 1.000000e+25 & 
TRACK_ID  40 START_TIME 1941091800
POINT_NUM  32
1941091800 281.299988 26.799999 1.000000e+25 & 1.543000e+01 & 
1941091806 281.399994 27.799999 1.000000e+25 & 1.543000e+01 & 
1941091812 281.500000 28.500000 1.000000e+25 & 1.543000e+01 & 
1941091818 281.600006 29.000000 1.000000e+25 & 1.543000e+01 & 
1941091900 281.799988 29.100000 1.000000e+25 & 1.801000e+01 & 
1941091906 282.500000 29.200001 1.000000e+25 & 1.801000e+01 & 
1941091912 283.700012 29.299999 1.000000e+25 & 2.058000e+01 & 
1941091918 285.200012 29.400000 9.980000e+02 & 2.315000e+01 & 
1941092000 286.700012 29.600000 1.000000e+25 & 2.572000e+01 & 
1941092006 288.200012 29.799999 1.000000e+25 & 2.829000e+01 & 
1941092012 289.299988 29.900000 9.930000e+02 & 3.087000e+01 & 
1941092018 289.399994 29.799999 1.000000e+25 & 3.087000e+01 & 
1941092100 289.399994 29.700001 9.950000e+02 & 3.087000e+01 & 
1941092106 289.299988 29.500000 1.000000e+25 & 3.087000e+01 & 
1941092112 289.200012 29.400000 1.000000e+25 & 3.087000e+01 & 
1941092118 288.600006 29.500000 1.000000e+25 & 3.087000e+01 & 
1941092200 287.600006 29.900000 1.000000e+25 & 3.344000e+01 & 
1941092206 286.700012 30.400000 1.000000e+25 & 3.601000e+01 & 
1941092212 286.200012 31.200001 1.000000e+25 & 3.601000e+01 & 
1941092218 286.500000 32.099998 1.000000e+25 & 3.601000e+01 & 
1941092300 286.399994 33.099998 1.000000e+25 & 3.601000e+01 & 
1941092306 286.600006 34.099998 1.000000e+25 & 3.344000e+01 & 
1941092312 287.200012 35.000000 9.900000e+02 & 3.344000e+01 & 
1941092318 288.299988 35.900002 1.000000e+25 & 3.344000e+01 & 
1941092400 289.299988 36.599998 1.000000e+25 & 3.087000e+01 & 
1941092406 290.000000 37.200001 1.000000e+25 & 2.829000e+01 & 
1941092412 290.500000 37.799999 1.000000e+25 & 2.572000e+01 & 
1941092418 291.000000 38.400002 1.000000e+25 & 2.315000e+01 & 
1941092500 291.500000 39.000000 1.000000e+25 & 2.058000e+01 & 
1941092506 292.299988 39.599998 1.000000e+25 & 2.058000e+01 & 
1941092512 293.100006 40.200001 1.000000e+25 & 1.801000e+01 & 
1941092518 294.000000 41.000000 1.000000e+25 & 1.543000e+01 & 
TRACK_ID  38 START_TIME 1941091200
POINT_NUM  5
1941091200 84.099998 15.100000 1.000000e+25 & 1.000000e+25 & 
1941091206 83.790001 15.340000 1.000000e+25 & 1.000000e+25 & 
1941091212 83.489998 15.630000 1.000000e+25 & 1.000000e+25 & 
1941091218 83.199997 15.910000 1.000000e+25 & 1.000000e+25 & 
1941091300 82.980003 16.200001 1.000000e+25 & 1.000000e+25 & 
TRACK_ID  36 START_TIME 1941090900
POINT_NUM  29
1941090900 133.100006 14.000000 1.000000e+25 & 1.000000e+25 & 
1941090906 131.289993 14.430000 1.000000e+25 & 1.000000e+25 & 
1941090912 129.800003 14.800000 1.000000e+25 & 1.000000e+25 & 
1941090918 128.800003 15.080000 1.000000e+25 & 1.000000e+25 & 
1941091000 127.900002 15.300000 1.000000e+25 & 1.000000e+25 & 
1941091006 126.620003 15.500000 1.000000e+25 & 1.000000e+25 & 
1941091012 125.300003 15.700000 1.000000e+25 & 1.000000e+25 & 
1941091018 124.110001 15.960000 1.000000e+25 & 1.000000e+25 & 
1941091100 123.099998 16.200001 1.000000e+25 & 1.000000e+25 & 
1941091106 122.339996 16.309999 1.000000e+25 & 1.000000e+25 & 
1941091112 121.699997 16.400000 1.000000e+25 & 1.000000e+25 & 
1941091118 120.949997 16.540001 1.000000e+25 & 1.000000e+25 & 
1941091200 120.300003 16.700001 1.000000e+25 & 1.000000e+25 & 
1941091206 119.860001 16.879999 1.000000e+25 & 1.000000e+25 & 
1941091212 119.500000 17.100000 1.000000e+25 & 1.000000e+25 & 
1941091218 119.040001 17.360001 1.000000e+25 & 1.000000e+25 & 
1941091300 118.599998 17.600000 1.000000e+25 & 1.000000e+25 & 
1941091306 118.239998 17.740000 1.000000e+25 & 1.000000e+25 & 
1941091312 117.900002 17.900000 1.000000e+25 & 1.000000e+25 & 
1941091318 117.489998 18.160000 1.000000e+25 & 1.000000e+25 & 
1941091400 117.099998 18.500000 1.000000e+25 & 1.000000e+25 & 
1941091406 116.779999 18.870001 1.000000e+25 & 1.000000e+25 & 
1941091412 116.500000 19.299999 1.000000e+25 & 1.000000e+25 & 
1941091418 116.239998 19.780001 1.000000e+25 & 1.000000e+25 & 
1941091500 116.000000 20.299999 1.000000e+25 & 1.000000e+25 & 
1941091506 115.769997 20.860001 1.000000e+25 & 1.000000e+25 & 
1941091512 115.500000 21.400000 1.000000e+25 & 1.000000e+25 & 
1941091518 115.129997 21.870001 1.000000e+25 & 1.000000e+25 & 
1941091600 114.699997 22.299999 1.000000e+25 & 1.000000e+25 & 
TRACK_ID  39 START_TIME 1941091712
POINT_NUM  39
1941091712 272.000000 23.700001 1.000000e+25 & 1.286000e+01 & 
1941091718 271.500000 24.600000 1.000000e+25 & 1.543000e+01 & 
1941091800 271.000000 25.299999 1.000000e+25 & 1.543000e+01 & 
1941091806 270.500000 25.700001 1.000000e+25 & 1.801000e+01 & 
1941091812 270.399994 25.900000 1.000000e+25 & 1.801000e+01 & 
1941091818 270.700012 26.000000 1.000000e+25 & 2.058000e+01 & 
1941091900 271.000000 26.000000 1.000000e+25 & 2.315000e+01 & 
1941091906 271.200012 25.799999 1.000000e+25 & 2.572000e+01 & 
1941091912 271.399994 25.500000 1.000000e+25 & 2.829000e+01 & 
1941091918 271.500000 25.200001 1.000000e+25 & 2.829000e+01 & 
1941092000 271.600006 24.799999 1.000000e+25 & 2.829000e+01 & 
1941092006 271.799988 24.500000 1.000000e+25 & 3.087000e+01 & 
1941092012 272.000000 24.100000 1.000000e+25 & 3.087000e+01 & 
1941092018 272.299988 23.600000 1.000000e+25 & 3.087000e+01 & 
1941092100 272.100006 23.299999 1.000000e+25 & 3.087000e+01 & 
1941092106 271.799988 23.799999 1.000000e+25 & 3.344000e+01 & 
1941092112 271.299988 24.400000 1.000000e+25 & 3.601000e+01 & 
1941092118 270.700012 24.799999 1.000000e+25 & 3.601000e+01 & 
1941092200 269.899994 25.100000 1.000000e+25 & 3.858000e+01 & 
1941092206 269.100006 25.400000 1.000000e+25 & 4.116000e+01 & 
1941092212 268.100006 25.900000 1.000000e+25 & 4.373000e+01 & 
1941092218 267.100006 26.299999 1.000000e+25 & 4.630000e+01 & 
1941092300 266.100006 26.700001 1.000000e+25 & 4.887000e+01 & 
1941092306 265.200012 27.200001 1.000000e+25 & 5.144000e+01 & 
1941092312 264.700012 27.700001 1.000000e+25 & 5.402000e+01 & 
1941092318 264.500000 28.299999 1.000000e+25 & 5.659000e+01 & 
1941092400 264.399994 29.000000 1.000000e+25 & 4.373000e+01 & 
1941092406 264.399994 29.799999 1.000000e+25 & 3.344000e+01 & 
1941092412 265.100006 31.500000 1.000000e+25 & 2.058000e+01 & 
1941092418 266.799988 33.500000 1.000000e+25 & 1.801000e+01 & 
1941092500 268.899994 36.000000 9.890000e+02 & 1.801000e+01 & 
1941092506 271.299988 38.799999 9.880000e+02 & 1.801000e+01 & 
1941092512 274.100006 42.400002 9.850000e+02 & 2.058000e+01 & 
1941092518 277.399994 44.900002 1.000000e+25 & 2.572000e+01 & 
1941092600 281.100006 47.599998 1.000000e+25 & 2.829000e+01 & 
1941092606 285.299988 50.299999 1.000000e+25 & 2.572000e+01 & 
1941092612 289.500000 53.000000 1.000000e+25 & 2.315000e+01 & 
1941092618 292.500000 55.599998 1.000000e+25 & 2.315000e+01 & 
1941092700 294.000000 58.200001 1.000000e+25 & 2.315000e+01 & 
TRACK_ID  35 START_TIME 1941090900
POINT_NUM  44
1941090900 146.029999 12.130000 1.000000e+25 & 1.000000e+25 & 
1941090906 145.330002 12.430000 1.000000e+25 & 1.000000e+25 & 
1941090912 144.690002 12.790000 1.000000e+25 & 1.000000e+25 & 
1941090918 144.110001 13.210000 1.000000e+25 & 1.000000e+25 & 
1941091000 143.449997 13.550000 1.000000e+25 & 1.000000e+25 & 
1941091006 142.740005 13.840000 1.000000e+25 & 1.000000e+25 & 
1941091012 142.089996 14.210000 1.000000e+25 & 1.000000e+25 & 
1941091018 141.550003 14.670000 1.000000e+25 & 1.000000e+25 & 
1941091100 141.059998 15.110000 1.000000e+25 & 1.000000e+25 & 
1941091106 140.619995 15.510000 1.000000e+25 & 1.000000e+25 & 
1941091112 140.149994 15.870000 1.000000e+25 & 1.000000e+25 & 
1941091118 139.649994 16.209999 1.000000e+25 & 1.000000e+25 & 
1941091200 139.169998 16.610001 1.000000e+25 & 1.000000e+25 & 
1941091206 138.720001 17.070000 1.000000e+25 & 1.000000e+25 & 
1941091212 138.279999 17.490000 1.000000e+25 & 1.000000e+25 & 
1941091218 137.820007 17.879999 1.000000e+25 & 1.000000e+25 & 
1941091300 137.380005 18.379999 1.000000e+25 & 1.000000e+25 & 
1941091306 136.929993 19.010000 1.000000e+25 & 1.000000e+25 & 
1941091312 136.479996 19.530001 1.000000e+25 & 1.000000e+25 & 
1941091318 136.029999 19.950001 1.000000e+25 & 1.000000e+25 & 
1941091400 135.580002 20.530001 1.000000e+25 & 1.000000e+25 & 
1941091406 135.089996 21.250000 1.000000e+25 & 1.000000e+25 & 
1941091412 134.440002 21.889999 1.000000e+25 & 1.000000e+25 & 
1941091418 133.669998 22.430000 1.000000e+25 & 1.000000e+25 & 
1941091500 132.970001 22.990000 1.000000e+25 & 1.000000e+25 & 
1941091506 132.419998 23.600000 1.000000e+25 & 1.000000e+25 & 
1941091512 132.009995 24.219999 1.000000e+25 & 1.000000e+25 & 
1941091518 131.759995 24.840000 1.000000e+25 & 1.000000e+25 & 
1941091600 131.669998 25.290001 1.000000e+25 & 1.000000e+25 & 
1941091606 131.740005 25.570000 1.000000e+25 & 1.000000e+25 & 
1941091612 131.839996 25.850000 1.000000e+25 & 1.000000e+25 & 
1941091618 131.979996 26.139999 1.000000e+25 & 1.000000e+25 & 
1941091700 132.259995 26.469999 1.000000e+25 & 1.000000e+25 & 
1941091706 132.679993 26.820000 1.000000e+25 & 1.000000e+25 & 
1941091712 133.050003 27.150000 1.000000e+25 & 1.000000e+25 & 
1941091718 133.410004 27.480000 1.000000e+25 & 1.000000e+25 & 
1941091800 134.119995 27.990000 1.000000e+25 & 1.000000e+25 & 
1941091806 135.199997 28.670000 1.000000e+25 & 1.000000e+25 & 
1941091812 136.229996 29.160000 1.000000e+25 & 1.000000e+25 & 
1941091818 137.320007 29.570000 1.000000e+25 & 1.000000e+25 & 
1941091900 139.529999 30.719999 1.000000e+25 & 1.000000e+25 & 
1941091906 142.889999 32.560001 1.000000e+25 & 1.000000e+25 & 
1941091912 146.139999 34.369999 1.000000e+25 & 1.000000e+25 & 
1941091918 148.839996 35.959999 1.000000e+25 & 1.000000e+25 & 
TRACK_ID  42 START_TIME 1941092318
POINT_NUM  29
1941092318 299.700012 13.700000 1.000000e+25 & 1.543000e+01 & 
1941092400 298.100006 13.700000 1.000000e+25 & 1.801000e+01 & 
1941092406 296.500000 13.800000 1.000000e+25 & 2.058000e+01 & 
1941092412 295.000000 13.800000 1.000000e+25 & 2.315000e+01 & 
1941092418 293.700012 13.800000 1.000000e+25 & 2.572000e+01 & 
1941092500 292.399994 13.900000 1.000000e+25 & 2.829000e+01 & 
1941092506 291.100006 14.000000 1.000000e+25 & 2.829000e+01 & 
1941092512 289.799988 14.000000 1.000000e+25 & 3.087000e+01 & 
1941092518 288.500000 14.000000 1.000000e+25 & 3.344000e+01 & 
1941092600 287.100006 14.100000 1.000000e+25 & 3.601000e+01 & 
1941092606 285.700012 14.200000 1.000000e+25 & 3.858000e+01 & 
1941092612 284.399994 14.200000 1.000000e+25 & 4.116000e+01 & 
1941092618 283.100006 14.300000 1.000000e+25 & 4.630000e+01 & 
1941092700 281.799988 14.300000 1.000000e+25 & 4.887000e+01 & 
1941092706 280.399994 14.400000 1.000000e+25 & 5.402000e+01 & 
1941092712 279.000000 14.500000 1.000000e+25 & 5.916000e+01 & 
1941092718 277.500000 14.700000 1.000000e+25 & 5.916000e+01 & 
1941092800 276.000000 15.000000 1.000000e+25 & 4.630000e+01 & 
1941092806 274.700012 15.400000 1.000000e+25 & 3.858000e+01 & 
1941092812 273.500000 15.800000 1.000000e+25 & 3.601000e+01 & 
1941092818 272.299988 16.299999 1.000000e+25 & 3.858000e+01 & 
1941092900 270.899994 16.700001 1.000000e+25 & 3.087000e+01 & 
1941092906 269.399994 17.100000 1.000000e+25 & 2.572000e+01 & 
1941092912 268.000000 17.500000 1.000000e+25 & 2.058000e+01 & 
1941092918 267.000000 18.000000 1.000000e+25 & 1.801000e+01 & 
1941093000 266.200012 18.600000 1.000000e+25 & 1.543000e+01 & 
1941093006 265.500000 19.299999 1.000000e+25 & 1.543000e+01 & 
1941093012 265.000000 20.000000 1.000000e+25 & 1.286000e+01 & 
1941093018 264.700012 20.799999 1.000000e+25 & 1.286000e+01 & 
TRACK_ID  43 START_TIME 1941100300
POINT_NUM  9
1941100300 71.300003 15.300000 1.000000e+25 & 1.000000e+25 & 
1941100306 71.220001 15.700000 1.000000e+25 & 1.000000e+25 & 
1941100312 71.050003 16.170000 1.000000e+25 & 1.000000e+25 & 
1941100318 70.790001 16.680000 1.000000e+25 & 1.000000e+25 & 
1941100400 70.410004 17.180000 1.000000e+25 & 1.000000e+25 & 
1941100406 69.870003 17.670000 1.000000e+25 & 1.000000e+25 & 
1941100412 69.269997 18.100000 1.000000e+25 & 1.000000e+25 & 
1941100418 68.589996 18.430000 1.000000e+25 & 1.000000e+25 & 
1941100500 67.860001 18.709999 1.000000e+25 & 1.000000e+25 & 
TRACK_ID  45 START_TIME 1941100318
POINT_NUM  41
1941100318 297.600006 21.200001 1.000000e+25 & 2.058000e+01 & 
1941100400 296.000000 22.200001 1.000000e+25 & 2.572000e+01 & 
1941100406 294.399994 22.799999 1.000000e+25 & 2.829000e+01 & 
1941100412 292.799988 23.400000 1.000000e+25 & 3.344000e+01 & 
1941100418 291.100006 23.600000 1.000000e+25 & 3.858000e+01 & 
1941100500 289.500000 23.799999 1.000000e+25 & 4.373000e+01 & 
1941100506 287.899994 23.900000 1.000000e+25 & 4.887000e+01 & 
1941100512 286.399994 24.000000 1.000000e+25 & 5.402000e+01 & 
1941100518 284.600006 24.200001 9.620000e+02 & 5.402000e+01 & 
1941100600 282.700012 24.600000 1.000000e+25 & 4.887000e+01 & 
1941100606 280.899994 25.100000 1.000000e+25 & 4.373000e+01 & 
1941100612 279.200012 25.700001 1.000000e+25 & 3.858000e+01 & 
1941100618 277.600006 26.700001 9.970000e+02 & 3.087000e+01 & 
1941100700 276.299988 28.000000 1.000000e+25 & 3.601000e+01 & 
1941100706 275.399994 29.200001 9.820000e+02 & 4.116000e+01 & 
1941100712 275.399994 30.299999 1.000000e+25 & 3.601000e+01 & 
1941100718 275.899994 31.400000 1.000000e+25 & 3.087000e+01 & 
1941100800 276.899994 32.200001 1.000000e+25 & 2.315000e+01 & 
1941100806 278.399994 32.599998 1.000000e+25 & 2.058000e+01 & 
1941100812 279.899994 33.000000 1.004000e+03 & 1.801000e+01 & 
1941100818 281.000000 32.900002 1.000000e+25 & 2.058000e+01 & 
1941100900 282.299988 32.500000 1.000000e+25 & 2.572000e+01 & 
1941100906 283.600006 32.000000 1.000000e+25 & 2.572000e+01 & 
1941100912 284.799988 31.200001 1.000000e+25 & 2.572000e+01 & 
1941100918 285.299988 30.400000 1.000000e+25 & 2.572000e+01 & 
1941101000 285.700012 29.700001 1.000000e+25 & 2.572000e+01 & 
1941101006 285.399994 29.500000 1.000000e+25 & 2.572000e+01 & 
1941101012 285.100006 29.500000 1.000000e+25 & 2.572000e+01 & 
1941101018 285.399994 29.500000 1.000000e+25 & 2.572000e+01 & 
1941101100 286.399994 29.700001 1.000000e+25 & 2.572000e+01 & 
1941101106 287.799988 29.500000 1.000000e+25 & 2.572000e+01 & 
1941101112 289.700012 29.299999 1.000000e+25 & 2.315000e+01 & 
1941101118 291.500000 29.299999 1.000000e+25 & 2.315000e+01 & 
1941101200 292.899994 29.400000 1.000000e+25 & 2.315000e+01 & 
1941101206 294.399994 29.500000 1.000000e+25 & 2.058000e+01 & 
1941101212 295.899994 29.700001 1.000000e+25 & 2.058000e+01 & 
1941101218 297.500000 30.400000 1.000000e+25 & 2.058000e+01 & 
1941101300 299.299988 31.500000 1.000000e+25 & 2.058000e+01 & 
1941101306 301.299988 33.099998 1.000000e+25 & 1.801000e+01 & 
1941101312 303.500000 35.000000 1.000000e+25 & 1.801000e+01 & 
1941101318 306.000000 37.000000 1.000000e+25 & 1.801000e+01 & 
TRACK_ID  46 START_TIME 1941101506
POINT_NUM  29
1941101506 291.000000 20.700001 1.000000e+25 & 1.286000e+01 & 
1941101512 290.100006 21.000000 1.000000e+25 & 1.286000e+01 & 
1941101518 289.000000 21.299999 1.000000e+25 & 1.286000e+01 & 
1941101600 287.899994 21.700001 1.000000e+25 & 1.286000e+01 & 
1941101606 286.899994 22.100000 1.000000e+25 & 1.286000e+01 & 
1941101612 285.899994 22.500000 1.000000e+25 & 1.286000e+01 & 
1941101618 284.799988 22.799999 1.000000e+25 & 1.286000e+01 & 
1941101700 283.500000 23.100000 1.000000e+25 & 1.286000e+01 & 
1941101706 281.899994 23.400000 1.000000e+25 & 1.286000e+01 & 
1941101712 280.200012 23.600000 1.000000e+25 & 1.286000e+01 & 
1941101718 278.700012 23.799999 1.000000e+25 & 1.286000e+01 & 
1941101800 277.399994 24.200001 1.000000e+25 & 1.286000e+01 & 
1941101806 276.600006 24.700001 1.000000e+25 & 1.286000e+01 & 
1941101812 276.000000 25.200001 1.000000e+25 & 1.543000e+01 & 
1941101818 275.600006 25.799999 1.000000e+25 & 1.543000e+01 & 
1941101900 275.500000 26.500000 1.000000e+25 & 1.801000e+01 & 
1941101906 275.600006 27.200001 1.000000e+25 & 2.058000e+01 & 
1941101912 275.700012 27.700001 1.000000e+25 & 2.315000e+01 & 
1941101918 275.799988 27.900000 1.000000e+25 & 2.315000e+01 & 
1941102000 276.200012 28.200001 1.000000e+25 & 2.315000e+01 & 
1941102006 276.700012 28.600000 1.000000e+25 & 2.058000e+01 & 
1941102012 277.000000 29.000000 1.004000e+03 & 2.058000e+01 & 
1941102018 277.000000 29.400000 1.000000e+25 & 1.801000e+01 & 
1941102100 277.100006 29.500000 1.000000e+25 & 1.801000e+01 & 
1941102106 277.200012 29.400000 1.000000e+25 & 1.801000e+01 & 
1941102112 277.399994 29.100000 1.000000e+25 & 1.543000e+01 & 
1941102118 277.700012 29.000000 1.000000e+25 & 1.286000e+01 & 
1941102200 277.899994 28.799999 1.000000e+25 & 1.286000e+01 & 
1941102206 278.000000 28.400000 1.000000e+25 & 1.029000e+01 & 
TRACK_ID  44 START_TIME 1941100400
POINT_NUM  33
1941100400 87.500000 7.200000 1.000000e+25 & 1.000000e+25 & 
1941100406 86.930000 7.610000 1.000000e+25 & 1.000000e+25 & 
1941100412 86.190002 8.090000 1.000000e+25 & 1.000000e+25 & 
1941100418 85.419998 8.550000 1.000000e+25 & 1.000000e+25 & 
1941100500 84.620003 9.040000 1.000000e+25 & 1.000000e+25 & 
1941100506 83.519997 9.850000 1.000000e+25 & 1.000000e+25 & 
1941100512 82.440002 10.910000 1.000000e+25 & 1.000000e+25 & 
1941100518 81.680000 12.120000 1.000000e+25 & 1.000000e+25 & 
1941100600 81.430000 13.430000 1.000000e+25 & 1.000000e+25 & 
1941100606 81.510002 14.130000 1.000000e+25 & 1.000000e+25 & 
1941100612 81.730003 14.680000 1.000000e+25 & 1.000000e+25 & 
1941100618 81.959999 15.320000 1.000000e+25 & 1.000000e+25 & 
1941100700 82.169998 16.100000 1.000000e+25 & 1.000000e+25 & 
1941100706 82.129997 16.830000 1.000000e+25 & 1.000000e+25 & 
1941100712 81.930000 17.600000 1.000000e+25 & 1.000000e+25 & 
1941100718 81.889999 18.459999 1.000000e+25 & 1.000000e+25 & 
1941100800 82.029999 19.370001 1.000000e+25 & 1.000000e+25 & 
1941100806 82.449997 20.330000 1.000000e+25 & 1.000000e+25 & 
1941100812 83.099998 21.180000 1.000000e+25 & 1.000000e+25 & 
1941100818 84.150002 22.139999 1.000000e+25 & 1.000000e+25 & 
1941100900 85.019997 22.860001 1.000000e+25 & 1.000000e+25 & 
1941100906 85.269997 23.059999 1.000000e+25 & 1.000000e+25 & 
1941100912 85.239998 23.030001 1.000000e+25 & 1.000000e+25 & 
1941100918 85.199997 23.000000 1.000000e+25 & 1.000000e+25 & 
1941101000 85.199997 23.000000 1.000000e+25 & 1.000000e+25 & 
1941101006 85.199997 23.000000 1.000000e+25 & 1.000000e+25 & 
1941101012 85.199997 23.000000 1.000000e+25 & 1.000000e+25 & 
1941101018 85.180000 22.990000 1.000000e+25 & 1.000000e+25 & 
1941101100 85.160004 22.980000 1.000000e+25 & 1.000000e+25 & 
1941101106 85.489998 23.150000 1.000000e+25 & 1.000000e+25 & 
1941101112 86.050003 23.510000 1.000000e+25 & 1.000000e+25 & 
1941101118 86.580002 23.820000 1.000000e+25 & 1.000000e+25 & 
1941101200 87.120003 24.110001 1.000000e+25 & 1.000000e+25 & 
TRACK_ID  47 START_TIME 1941102012
POINT_NUM  7
1941102012 117.500000 10.800000 1.000000e+25 & 1.000000e+25 & 
1941102018 117.059998 11.120000 1.000000e+25 & 1.000000e+25 & 
1941102100 116.500000 11.500000 1.000000e+25 & 1.000000e+25 & 
1941102106 115.720001 11.950000 1.000000e+25 & 1.000000e+25 & 
1941102112 114.800003 12.400000 1.000000e+25 & 1.000000e+25 & 
1941102118 113.849998 12.780000 1.000000e+25 & 1.000000e+25 & 
1941102200 112.900002 13.100000 1.000000e+25 & 1.000000e+25 & 
TRACK_ID  48 START_TIME 1941102512
POINT_NUM  27
1941102512 150.000000 20.000000 1.000000e+25 & 1.000000e+25 & 
1941102518 149.259995 20.450001 1.000000e+25 & 1.000000e+25 & 
1941102600 148.600006 20.799999 1.000000e+25 & 1.000000e+25 & 
1941102606 148.070007 20.990000 1.000000e+25 & 1.000000e+25 & 
1941102612 147.600006 21.100000 1.000000e+25 & 1.000000e+25 & 
1941102618 147.110001 21.209999 1.000000e+25 & 1.000000e+25 & 
1941102700 146.600006 21.299999 1.000000e+25 & 1.000000e+25 & 
1941102706 146.070007 21.360001 1.000000e+25 & 1.000000e+25 & 
1941102712 145.500000 21.400000 1.000000e+25 & 1.000000e+25 & 
1941102718 144.880005 21.459999 1.000000e+25 & 1.000000e+25 & 
1941102800 144.199997 21.500000 1.000000e+25 & 1.000000e+25 & 
1941102806 143.449997 21.520000 1.000000e+25 & 1.000000e+25 & 
1941102812 142.699997 21.500000 1.000000e+25 & 1.000000e+25 & 
1941102818 142.089996 21.440001 1.000000e+25 & 1.000000e+25 & 
1941102900 141.399994 21.400000 1.000000e+25 & 1.000000e+25 & 
1941102906 140.399994 21.360001 1.000000e+25 & 1.000000e+25 & 
1941102912 139.399994 21.500000 1.000000e+25 & 1.000000e+25 & 
1941102918 138.589996 21.990000 1.000000e+25 & 1.000000e+25 & 
1941103000 138.100006 22.600000 1.000000e+25 & 1.000000e+25 & 
1941103006 138.029999 23.090000 1.000000e+25 & 1.000000e+25 & 
1941103012 138.300003 23.500000 1.000000e+25 & 1.000000e+25 & 
1941103018 138.610001 23.799999 1.000000e+25 & 1.000000e+25 & 
1941103100 139.199997 24.000000 1.000000e+25 & 1.000000e+25 & 
1941103106 140.179993 24.110001 1.000000e+25 & 1.000000e+25 & 
1941103112 141.300003 24.200001 1.000000e+25 & 1.000000e+25 & 
1941103118 142.259995 24.370001 1.000000e+25 & 1.000000e+25 & 
1941110100 143.100006 24.600000 1.000000e+25 & 1.000000e+25 & 
TRACK_ID  49 START_TIME 1941111500
POINT_NUM  17
1941111500 83.300003 13.900000 1.000000e+25 & 1.000000e+25 & 
1941111506 83.300003 13.900000 1.000000e+25 & 1.000000e+25 & 
1941111512 83.300003 13.900000 1.000000e+25 & 1.000000e+25 & 
1941111518 83.300003 13.900000 1.000000e+25 & 1.000000e+25 & 
1941111600 83.300003 13.900000 1.000000e+25 & 1.000000e+25 & 
1941111606 83.300003 13.900000 1.000000e+25 & 1.000000e+25 & 
1941111612 83.300003 13.900000 1.000000e+25 & 1.000000e+25 & 
1941111618 83.300003 13.890000 1.000000e+25 & 1.000000e+25 & 
1941111700 83.300003 13.880000 1.000000e+25 & 1.000000e+25 & 
1941111706 83.300003 14.040000 1.000000e+25 & 1.000000e+25 & 
1941111712 83.300003 14.330000 1.000000e+25 & 1.000000e+25 & 
1941111718 83.290001 14.550000 1.000000e+25 & 1.000000e+25 & 
1941111800 83.290001 14.820000 1.000000e+25 & 1.000000e+25 & 
1941111806 83.370003 15.270000 1.000000e+25 & 1.000000e+25 & 
1941111812 83.610001 15.790000 1.000000e+25 & 1.000000e+25 & 
1941111818 84.050003 16.110001 1.000000e+25 & 1.000000e+25 & 
1941111900 84.669998 16.180000 1.000000e+25 & 1.000000e+25 & 
TRACK_ID  50 START_TIME 1941113000
POINT_NUM  25
1941113000 87.199997 7.900000 1.000000e+25 & 1.000000e+25 & 
1941113006 86.570000 8.150000 1.000000e+25 & 1.000000e+25 & 
1941113012 85.889999 8.510000 1.000000e+25 & 1.000000e+25 & 
1941113018 85.160004 8.840000 1.000000e+25 & 1.000000e+25 & 
1941120100 84.449997 9.220000 1.000000e+25 & 1.000000e+25 & 
1941120106 83.989998 9.450000 1.000000e+25 & 1.000000e+25 & 
1941120112 83.680000 9.650000 1.000000e+25 & 1.000000e+25 & 
1941120118 83.309998 9.910000 1.000000e+25 & 1.000000e+25 & 
1941120200 82.910004 10.280000 1.000000e+25 & 1.000000e+25 & 
1941120206 82.480003 10.920000 1.000000e+25 & 1.000000e+25 & 
1941120212 82.019997 11.580000 1.000000e+25 & 1.000000e+25 & 
1941120218 80.589996 11.710000 1.000000e+25 & 1.000000e+25 & 
1941120300 78.830002 11.460000 1.000000e+25 & 1.000000e+25 & 
1941120306 77.540001 11.380000 1.000000e+25 & 1.000000e+25 & 
1941120312 76.470001 11.390000 1.000000e+25 & 1.000000e+25 & 
1941120318 75.230003 11.470000 1.000000e+25 & 1.000000e+25 & 
1941120400 73.919998 11.570000 1.000000e+25 & 1.000000e+25 & 
1941120406 72.769997 11.670000 1.000000e+25 & 1.000000e+25 & 
1941120412 71.760002 11.770000 1.000000e+25 & 1.000000e+25 & 
1941120418 70.669998 11.950000 1.000000e+25 & 1.000000e+25 & 
1941120500 69.570000 12.160000 1.000000e+25 & 1.000000e+25 & 
1941120506 68.540001 12.220000 1.000000e+25 & 1.000000e+25 & 
1941120512 67.550003 12.210000 1.000000e+25 & 1.000000e+25 & 
1941120518 66.589996 12.190000 1.000000e+25 & 1.000000e+25 & 
1941120600 65.639999 12.120000 1.000000e+25 & 1.000000e+25 & 
TRACK_ID  51 START_TIME 1941120900
POINT_NUM  25
1941120900 91.800003 8.800000 1.000000e+25 & 1.000000e+25 & 
1941120906 91.720001 9.040000 1.000000e+25 & 1.000000e+25 & 
1941120912 91.620003 9.250000 1.000000e+25 & 1.000000e+25 & 
1941120918 91.540001 9.490000 1.000000e+25 & 1.000000e+25 & 
1941121000 91.449997 9.690000 1.000000e+25 & 1.000000e+25 & 
1941121006 91.059998 10.440000 1.000000e+25 & 1.000000e+25 & 
1941121012 90.559998 11.370000 1.000000e+25 & 1.000000e+25 & 
1941121018 89.940002 12.140000 1.000000e+25 & 1.000000e+25 & 
1941121100 89.190002 12.690000 1.000000e+25 & 1.000000e+25 & 
1941121106 88.470001 13.040000 1.000000e+25 & 1.000000e+25 & 
1941121112 87.699997 13.180000 1.000000e+25 & 1.000000e+25 & 
1941121118 86.839996 13.210000 1.000000e+25 & 1.000000e+25 & 
1941121200 85.940002 13.210000 1.000000e+25 & 1.000000e+25 & 
1941121206 84.959999 13.200000 1.000000e+25 & 1.000000e+25 & 
1941121212 83.959999 13.200000 1.000000e+25 & 1.000000e+25 & 
1941121218 82.900002 13.210000 1.000000e+25 & 1.000000e+25 & 
1941121300 81.809998 13.210000 1.000000e+25 & 1.000000e+25 & 
1941121306 80.349998 13.120000 1.000000e+25 & 1.000000e+25 & 
1941121312 78.809998 12.940000 1.000000e+25 & 1.000000e+25 & 
1941121318 77.190002 12.830000 1.000000e+25 & 1.000000e+25 & 
1941121400 75.580002 12.730000 1.000000e+25 & 1.000000e+25 & 
1941121406 74.209999 12.560000 1.000000e+25 & 1.000000e+25 & 
1941121412 73.000000 12.360000 1.000000e+25 & 1.000000e+25 & 
1941121418 71.790001 12.090000 1.000000e+25 & 1.000000e+25 & 
1941121500 70.620003 11.810000 1.000000e+25 & 1.000000e+25 & 
TRACK_ID  52 START_TIME 1941121212
POINT_NUM  35
1941121212 134.199997 5.600000 1.000000e+25 & 1.000000e+25 & 
1941121218 133.690002 6.050000 1.000000e+25 & 1.000000e+25 & 
1941121300 133.100006 6.500000 1.000000e+25 & 1.000000e+25 & 
1941121306 132.369995 6.960000 1.000000e+25 & 1.000000e+25 & 
1941121312 131.500000 7.400000 1.000000e+25 & 1.000000e+25 & 
1941121318 130.479996 7.850000 1.000000e+25 & 1.000000e+25 & 
1941121400 129.500000 8.200000 1.000000e+25 & 1.000000e+25 & 
1941121406 128.839996 8.400000 1.000000e+25 & 1.000000e+25 & 
1941121412 128.199997 8.500000 1.000000e+25 & 1.000000e+25 & 
1941121418 127.400002 8.560000 1.000000e+25 & 1.000000e+25 & 
1941121500 126.400002 8.600000 1.000000e+25 & 1.000000e+25 & 
1941121506 125.169998 8.660000 1.000000e+25 & 1.000000e+25 & 
1941121512 123.800003 8.700000 1.000000e+25 & 1.000000e+25 & 
1941121518 122.489998 8.680000 1.000000e+25 & 1.000000e+25 & 
1941121600 121.099998 8.700000 1.000000e+25 & 1.000000e+25 & 
1941121606 119.540001 8.810000 1.000000e+25 & 1.000000e+25 & 
1941121612 118.000000 9.100000 1.000000e+25 & 1.000000e+25 & 
1941121618 116.519997 9.640000 1.000000e+25 & 1.000000e+25 & 
1941121700 115.400002 10.300000 1.000000e+25 & 1.000000e+25 & 
1941121706 114.879997 10.910000 1.000000e+25 & 1.000000e+25 & 
1941121712 114.699997 11.500000 1.000000e+25 & 1.000000e+25 & 
1941121718 114.500000 12.040000 1.000000e+25 & 1.000000e+25 & 
1941121800 114.400002 12.600000 1.000000e+25 & 1.000000e+25 & 
1941121806 114.330002 13.230000 1.000000e+25 & 1.000000e+25 & 
1941121812 114.300003 13.900000 1.000000e+25 & 1.000000e+25 & 
1941121818 114.239998 14.540000 1.000000e+25 & 1.000000e+25 & 
1941121900 114.199997 15.200000 1.000000e+25 & 1.000000e+25 & 
1941121906 114.180000 15.880000 1.000000e+25 & 1.000000e+25 & 
1941121912 114.199997 16.600000 1.000000e+25 & 1.000000e+25 & 
1941121918 114.239998 17.350000 1.000000e+25 & 1.000000e+25 & 
1941122000 114.400002 18.100000 1.000000e+25 & 1.000000e+25 & 
1941122006 114.699997 18.860001 1.000000e+25 & 1.000000e+25 & 
1941122012 115.199997 19.500000 1.000000e+25 & 1.000000e+25 & 
1941122018 115.889999 19.920000 1.000000e+25 & 1.000000e+25 & 
1941122100 116.699997 20.200001 1.000000e+25 & 1.000000e+25 & 
TRACK_ID  53 START_TIME 1941122212
POINT_NUM  31
1941122212 150.000000 6.000000 1.000000e+25 & 1.000000e+25 & 
1941122218 148.770004 6.040000 1.000000e+25 & 1.000000e+25 & 
1941122300 147.600006 6.100000 1.000000e+25 & 1.000000e+25 & 
1941122306 146.529999 6.190000 1.000000e+25 & 1.000000e+25 & 
1941122312 145.500000 6.300000 1.000000e+25 & 1.000000e+25 & 
1941122318 144.500000 6.380000 1.000000e+25 & 1.000000e+25 & 
1941122400 143.399994 6.500000 1.000000e+25 & 1.000000e+25 & 
1941122406 142.059998 6.660000 1.000000e+25 & 1.000000e+25 & 
1941122412 140.600006 6.900000 1.000000e+25 & 1.000000e+25 & 
1941122418 139.179993 7.200000 1.000000e+25 & 1.000000e+25 & 
1941122500 137.699997 7.600000 1.000000e+25 & 1.000000e+25 & 
1941122506 136.139999 8.050000 1.000000e+25 & 1.000000e+25 & 
1941122512 134.500000 8.600000 1.000000e+25 & 1.000000e+25 & 
1941122518 132.720001 9.240000 1.000000e+25 & 1.000000e+25 & 
1941122600 131.100006 9.900000 1.000000e+25 & 1.000000e+25 & 
1941122606 129.919998 10.510000 1.000000e+25 & 1.000000e+25 & 
1941122612 129.000000 11.100000 1.000000e+25 & 1.000000e+25 & 
1941122618 128.110001 11.710000 1.000000e+25 & 1.000000e+25 & 
1941122700 127.300003 12.300000 1.000000e+25 & 1.000000e+25 & 
1941122706 126.440002 12.840000 1.000000e+25 & 1.000000e+25 & 
1941122712 125.699997 13.400000 1.000000e+25 & 1.000000e+25 & 
1941122718 125.099998 14.050000 1.000000e+25 & 1.000000e+25 & 
1941122800 124.800003 14.800000 1.000000e+25 & 1.000000e+25 & 
1941122806 124.830002 15.660000 1.000000e+25 & 1.000000e+25 & 
1941122812 125.199997 16.500000 1.000000e+25 & 1.000000e+25 & 
1941122818 125.550003 17.150000 1.000000e+25 & 1.000000e+25 & 
1941122900 126.500000 17.799999 1.000000e+25 & 1.000000e+25 & 
1941122906 128.470001 18.730000 1.000000e+25 & 1.000000e+25 & 
1941122912 131.000000 19.500000 1.000000e+25 & 1.000000e+25 & 
1941122918 133.529999 19.799999 1.000000e+25 & 1.000000e+25 & 
1941123000 136.000000 19.799999 1.000000e+25 & 1.000000e+25 & 
