0
0 0
TRACK_NUM        71 ADD_FLD    1   1 &0
TRACK_ID  1 START_TIME 1956011800
POINT_NUM  10
1956011800 115.400002 12.500000 1.000000e+25 & 1.000000e+25 & 
1956011806 116.000000 13.500000 1.000000e+25 & 1.000000e+25 & 
1956011812 116.599998 14.400000 1.000000e+25 & 1.000000e+25 & 
1956011818 116.900002 15.200000 1.000000e+25 & 1.000000e+25 & 
1956011900 116.900002 16.200001 1.000000e+25 & 1.000000e+25 & 
1956011906 117.300003 17.299999 1.000000e+25 & 1.000000e+25 & 
1956011912 117.800003 17.700001 1.000000e+25 & 1.000000e+25 & 
1956011918 118.599998 18.000000 1.000000e+25 & 1.000000e+25 & 
1956012000 119.500000 18.299999 1.000000e+25 & 1.000000e+25 & 
1956012006 120.500000 18.500000 1.000000e+25 & 1.000000e+25 & 
TRACK_ID  2 START_TIME 1956020818
POINT_NUM  10
1956020818 91.599998 6.700000 1.000000e+25 & 1.000000e+25 & 
1956020900 91.300003 7.000000 1.000000e+25 & 1.000000e+25 & 
1956020906 91.089996 7.610000 1.000000e+25 & 1.000000e+25 & 
1956020912 90.709999 8.300000 1.000000e+25 & 1.000000e+25 & 
1956020918 90.500000 8.900000 1.000000e+25 & 1.000000e+25 & 
1956021000 90.419998 9.570000 1.000000e+25 & 1.000000e+25 & 
1956021006 90.889999 10.330000 1.000000e+25 & 1.000000e+25 & 
1956021012 91.699997 11.500000 1.000000e+25 & 1.000000e+25 & 
1956021018 92.690002 12.400000 1.000000e+25 & 1.000000e+25 & 
1956021100 93.620003 13.020000 1.000000e+25 & 1.000000e+25 & 
TRACK_ID  4 START_TIME 1956040900
POINT_NUM  25
1956040900 122.800003 12.000000 1.000000e+25 & 1.000000e+25 & 
1956040906 122.199997 12.090000 1.000000e+25 & 1.000000e+25 & 
1956040912 121.599998 12.100000 1.000000e+25 & 1.000000e+25 & 
1956040918 121.000000 12.110000 1.000000e+25 & 1.000000e+25 & 
1956041000 120.339996 12.220000 1.000000e+25 & 1.000000e+25 & 
1956041006 119.690002 12.460000 1.000000e+25 & 1.000000e+25 & 
1956041012 119.099998 12.780000 1.000000e+25 & 1.000000e+25 & 
1956041018 118.470001 12.930000 1.000000e+25 & 1.000000e+25 & 
1956041100 117.879997 13.180000 1.000000e+25 & 1.000000e+25 & 
1956041106 117.339996 13.760000 1.006000e+03 & 1.000000e+25 & 
1956041112 116.820000 14.190000 1.006000e+03 & 1.000000e+25 & 
1956041118 116.050003 14.460000 1.006000e+03 & 1.000000e+25 & 
1956041200 115.349998 14.680000 1.006000e+03 & 1.000000e+25 & 
1956041206 115.150002 14.870000 1.004000e+03 & 1.000000e+25 & 
1956041212 114.970001 15.030000 1.004000e+03 & 1.000000e+25 & 
1956041218 114.739998 15.160000 1.004000e+03 & 1.000000e+25 & 
1956041300 114.330002 15.270000 1.004000e+03 & 1.000000e+25 & 
1956041306 113.790001 14.870000 1.002000e+03 & 1.000000e+25 & 
1956041312 113.099998 14.500000 1.004000e+03 & 1.000000e+25 & 
1956041318 112.339996 14.330000 1.006000e+03 & 1.000000e+25 & 
1956041400 111.629997 14.400000 1.006000e+03 & 1.000000e+25 & 
1956041406 110.820000 14.610000 1.008000e+03 & 1.000000e+25 & 
1956041412 110.250000 15.060000 1.008000e+03 & 1.000000e+25 & 
1956041418 109.570000 15.130000 1.008000e+03 & 1.000000e+25 & 
1956041500 109.300003 15.400000 1.000000e+25 & 1.000000e+25 & 
TRACK_ID  5 START_TIME 1956041600
POINT_NUM  37
1956041600 147.330002 5.870000 1.004000e+03 & 1.000000e+25 & 
1956041606 145.910004 5.930000 1.000000e+03 & 1.000000e+25 & 
1956041612 144.500000 6.330000 1.000000e+03 & 1.000000e+25 & 
1956041618 143.149994 7.070000 1.000000e+03 & 1.000000e+25 & 
1956041700 141.970001 8.000000 9.950000e+02 & 1.000000e+25 & 
1956041706 140.910004 8.930000 9.900000e+02 & 1.000000e+25 & 
1956041712 139.679993 9.680000 9.900000e+02 & 1.000000e+25 & 
1956041718 138.199997 10.360000 9.900000e+02 & 1.000000e+25 & 
1956041800 136.899994 10.930000 9.750000e+02 & 1.000000e+25 & 
1956041806 135.759995 11.190000 9.700000e+02 & 1.000000e+25 & 
1956041812 134.850006 11.270000 9.700000e+02 & 1.000000e+25 & 
1956041818 134.139999 11.180000 9.700000e+02 & 1.000000e+25 & 
1956041900 133.130005 11.330000 9.450000e+02 & 1.000000e+25 & 
1956041906 131.869995 11.990000 9.400000e+02 & 1.000000e+25 & 
1956041912 130.570007 12.670000 9.400000e+02 & 1.000000e+25 & 
1956041918 129.520004 12.910000 9.400000e+02 & 1.000000e+25 & 
1956042000 128.729996 13.320000 9.400000e+02 & 1.000000e+25 & 
1956042006 127.519997 13.900000 9.350000e+02 & 1.000000e+25 & 
1956042012 126.400002 14.400000 9.400000e+02 & 1.000000e+25 & 
1956042018 124.919998 14.790000 9.400000e+02 & 1.000000e+25 & 
1956042100 123.669998 15.220000 9.450000e+02 & 1.000000e+25 & 
1956042106 122.709999 15.800000 9.500000e+02 & 1.000000e+25 & 
1956042112 121.620003 16.299999 9.650000e+02 & 1.000000e+25 & 
1956042118 120.279999 17.180000 9.850000e+02 & 1.000000e+25 & 
1956042200 119.430000 18.000000 9.950000e+02 & 1.000000e+25 & 
1956042206 119.050003 18.639999 9.950000e+02 & 1.000000e+25 & 
1956042212 119.129997 19.570000 9.950000e+02 & 1.000000e+25 & 
1956042218 119.339996 20.530001 9.900000e+02 & 1.000000e+25 & 
1956042300 120.230003 21.330000 9.900000e+02 & 1.000000e+25 & 
1956042306 121.660004 21.930000 9.920000e+02 & 1.000000e+25 & 
1956042312 122.970001 22.530001 9.920000e+02 & 1.000000e+25 & 
1956042318 123.970001 23.620001 9.920000e+02 & 1.000000e+25 & 
1956042400 124.800003 24.780001 9.960000e+02 & 1.000000e+25 & 
1956042406 126.010002 25.950001 9.970000e+02 & 1.000000e+25 & 
1956042412 127.480003 27.410000 9.970000e+02 & 1.000000e+25 & 
1956042418 128.880005 29.160000 9.970000e+02 & 1.000000e+25 & 
1956042500 130.619995 30.780001 9.980000e+02 & 1.000000e+25 & 
TRACK_ID  6 START_TIME 1956042618
POINT_NUM  22
1956042618 90.900002 8.100000 1.000000e+25 & 1.000000e+25 & 
1956042700 90.599998 8.400000 1.000000e+25 & 1.000000e+25 & 
1956042706 90.480003 8.510000 1.000000e+25 & 1.000000e+25 & 
1956042712 90.459999 8.530000 1.000000e+25 & 1.000000e+25 & 
1956042718 90.570000 8.440000 1.000000e+25 & 1.000000e+25 & 
1956042800 90.629997 8.390000 1.000000e+25 & 1.000000e+25 & 
1956042806 89.660004 9.280000 1.000000e+25 & 1.000000e+25 & 
1956042812 86.260002 12.120000 1.000000e+25 & 1.000000e+25 & 
1956042818 84.349998 13.300000 1.000000e+25 & 1.000000e+25 & 
1956042900 83.449997 13.760000 1.000000e+25 & 1.000000e+25 & 
1956042906 82.239998 14.230000 1.000000e+25 & 1.000000e+25 & 
1956042912 80.830002 14.740000 1.000000e+25 & 1.000000e+25 & 
1956042918 78.879997 15.080000 1.000000e+25 & 1.000000e+25 & 
1956043000 76.250000 14.990000 1.000000e+25 & 1.000000e+25 & 
1956043006 74.669998 14.900000 1.000000e+25 & 1.000000e+25 & 
1956043012 73.790001 14.980000 1.000000e+25 & 1.000000e+25 & 
1956043018 73.190002 15.090000 1.000000e+25 & 1.000000e+25 & 
1956050100 72.680000 15.300000 1.000000e+25 & 1.000000e+25 & 
1956050106 72.089996 15.780000 1.000000e+25 & 1.000000e+25 & 
1956050112 71.480003 16.389999 1.000000e+25 & 1.000000e+25 & 
1956050118 71.019997 17.010000 1.000000e+25 & 1.000000e+25 & 
1956050200 70.910004 17.690001 1.000000e+25 & 1.000000e+25 & 
TRACK_ID  8 START_TIME 1956052818
POINT_NUM  22
1956052818 89.900002 21.500000 1.000000e+25 & 1.000000e+25 & 
1956052900 89.599998 21.500000 1.000000e+25 & 1.000000e+25 & 
1956052906 89.389999 21.500000 1.000000e+25 & 1.000000e+25 & 
1956052912 89.010002 21.500000 1.000000e+25 & 1.000000e+25 & 
1956052918 88.790001 21.510000 1.000000e+25 & 1.000000e+25 & 
1956053000 88.519997 21.590000 1.000000e+25 & 1.000000e+25 & 
1956053006 88.489998 21.600000 1.000000e+25 & 1.000000e+25 & 
1956053012 88.489998 21.600000 1.000000e+25 & 1.000000e+25 & 
1956053018 88.510002 21.600000 1.000000e+25 & 1.000000e+25 & 
1956053100 88.510002 21.600000 1.000000e+25 & 1.000000e+25 & 
1956053106 88.400002 21.610001 1.000000e+25 & 1.000000e+25 & 
1956053112 88.110001 21.709999 1.000000e+25 & 1.000000e+25 & 
1956053118 87.889999 21.889999 1.000000e+25 & 1.000000e+25 & 
1956060100 87.690002 22.090000 1.000000e+25 & 1.000000e+25 & 
1956060106 87.510002 22.309999 1.000000e+25 & 1.000000e+25 & 
1956060112 87.500000 22.690001 1.000000e+25 & 1.000000e+25 & 
1956060118 87.500000 22.900000 1.000000e+25 & 1.000000e+25 & 
1956060200 87.529999 23.100000 1.000000e+25 & 1.000000e+25 & 
1956060206 87.900002 23.309999 1.000000e+25 & 1.000000e+25 & 
1956060212 88.410004 23.590000 1.000000e+25 & 1.000000e+25 & 
1956060218 88.930000 23.799999 1.000000e+25 & 1.000000e+25 & 
1956060300 89.430000 24.000000 1.000000e+25 & 1.000000e+25 & 
TRACK_ID  10 START_TIME 1956060418
POINT_NUM  8
1956060418 113.699997 18.700001 1.000000e+25 & 1.000000e+25 & 
1956060500 113.500000 18.000000 1.000000e+25 & 1.000000e+25 & 
1956060506 112.800003 17.700001 1.000000e+25 & 1.000000e+25 & 
1956060512 111.699997 17.600000 1.000000e+25 & 1.000000e+25 & 
1956060518 110.699997 17.600000 1.000000e+25 & 1.000000e+25 & 
1956060600 109.300003 17.900000 1.000000e+25 & 1.000000e+25 & 
1956060606 107.500000 18.700001 1.000000e+25 & 1.000000e+25 & 
1956060612 106.099998 19.799999 1.000000e+25 & 1.000000e+25 & 
TRACK_ID  9 START_TIME 1956053000
POINT_NUM  19
1956053000 256.000000 15.900000 1.000000e+25 & 2.315000e+01 & 
1956053006 255.490005 15.800000 1.000000e+25 & 2.315000e+01 & 
1956053012 254.899994 15.700000 1.000000e+25 & 2.315000e+01 & 
1956053018 254.399994 15.700000 1.000000e+25 & 2.315000e+01 & 
1956053100 253.899994 15.700000 1.000000e+25 & 2.315000e+01 & 
1956053106 253.300003 15.700000 1.000000e+25 & 2.315000e+01 & 
1956053112 252.699997 15.700000 1.000000e+25 & 2.315000e+01 & 
1956053118 252.210007 15.700000 1.000000e+25 & 2.315000e+01 & 
1956060100 251.800003 15.700000 1.000000e+25 & 2.315000e+01 & 
1956060106 251.220001 15.710000 1.000000e+25 & 2.315000e+01 & 
1956060112 250.699997 15.800000 1.000000e+25 & 2.315000e+01 & 
1956060118 249.910004 15.800000 1.000000e+25 & 2.315000e+01 & 
1956060200 249.199997 15.800000 1.000000e+25 & 2.315000e+01 & 
1956060206 248.509995 15.990000 1.000000e+25 & 2.315000e+01 & 
1956060212 247.899994 16.200001 1.000000e+25 & 2.315000e+01 & 
1956060218 247.009995 16.400000 1.000000e+25 & 2.315000e+01 & 
1956060300 246.100006 16.700001 1.000000e+25 & 2.315000e+01 & 
1956060306 245.009995 17.209999 1.000000e+25 & 2.315000e+01 & 
1956060312 244.000000 17.900000 1.000000e+25 & 2.315000e+01 & 
TRACK_ID  11 START_TIME 1956060706
POINT_NUM  14
1956060706 284.899994 34.000000 1.000000e+25 & 1.801000e+01 & 
1956060712 284.399994 33.700001 1.002000e+03 & 1.801000e+01 & 
1956060718 284.000000 33.299999 1.000000e+25 & 1.801000e+01 & 
1956060800 283.799988 32.599998 1.000000e+25 & 1.801000e+01 & 
1956060806 283.700012 31.600000 1.000000e+25 & 2.058000e+01 & 
1956060812 283.799988 31.200001 1.000000e+25 & 2.058000e+01 & 
1956060818 284.200012 31.400000 1.000000e+25 & 2.058000e+01 & 
1956060900 285.100006 31.600000 1.000000e+25 & 1.801000e+01 & 
1956060906 286.299988 31.799999 1.000000e+25 & 1.801000e+01 & 
1956060912 287.399994 32.700001 1.000000e+25 & 1.543000e+01 & 
1956060918 288.500000 33.799999 1.000000e+25 & 1.543000e+01 & 
1956061000 290.000000 34.799999 1.000000e+25 & 1.543000e+01 & 
1956061006 291.799988 35.799999 1.000000e+25 & 1.543000e+01 & 
1956061012 293.600006 37.000000 1.000000e+25 & 1.543000e+01 & 
TRACK_ID  16 START_TIME 1956061212
POINT_NUM  8
1956061212 263.000000 13.100000 1.000000e+25 & 3.858000e+01 & 
1956061218 262.190002 13.220000 1.000000e+25 & 3.858000e+01 & 
1956061300 261.299988 13.700000 1.000000e+25 & 3.858000e+01 & 
1956061306 260.489990 14.500000 1.000000e+25 & 3.858000e+01 & 
1956061312 259.700012 15.500000 1.000000e+25 & 3.858000e+01 & 
1956061318 259.119995 16.490000 1.000000e+25 & 3.858000e+01 & 
1956061400 258.540009 17.570000 1.000000e+25 & 3.858000e+01 & 
1956061406 258.000000 18.700001 1.000000e+25 & 1.000000e+25 & 
TRACK_ID  14 START_TIME 1956060818
POINT_NUM  2
1956060818 87.900002 21.299999 1.000000e+25 & 1.000000e+25 & 
1956060900 87.599998 21.400000 1.000000e+25 & 1.000000e+25 & 
TRACK_ID  18 START_TIME 1956062418
POINT_NUM  6
1956062418 86.000000 16.600000 1.000000e+25 & 1.000000e+25 & 
1956062500 85.599998 17.100000 1.000000e+25 & 1.000000e+25 & 
1956062506 84.489998 17.820000 1.000000e+25 & 1.000000e+25 & 
1956062512 83.190002 18.879999 1.000000e+25 & 1.000000e+25 & 
1956062518 81.779999 19.590000 1.000000e+25 & 1.000000e+25 & 
1956062600 80.279999 20.160000 1.000000e+25 & 1.000000e+25 & 
TRACK_ID  15 START_TIME 1956061200
POINT_NUM  14
1956061200 268.500000 20.000000 1.000000e+25 & 1.286000e+01 & 
1956061206 268.500000 20.299999 1.000000e+25 & 1.286000e+01 & 
1956061212 268.500000 20.799999 1.000000e+25 & 1.543000e+01 & 
1956061218 268.500000 21.600000 1.000000e+25 & 1.801000e+01 & 
1956061300 268.500000 23.000000 1.000000e+25 & 2.058000e+01 & 
1956061306 268.700012 25.100000 1.000000e+25 & 2.315000e+01 & 
1956061312 269.100006 27.500000 1.004000e+03 & 2.572000e+01 & 
1956061318 269.399994 29.400000 1.000000e+25 & 2.572000e+01 & 
1956061400 269.399994 31.000000 1.001000e+03 & 1.801000e+01 & 
1956061406 269.000000 32.400002 1.000000e+25 & 1.543000e+01 & 
1956061412 268.299988 33.799999 1.006000e+03 & 1.286000e+01 & 
1956061418 267.200012 34.500000 1.000000e+25 & 1.286000e+01 & 
1956061500 266.700012 34.900002 1.000000e+25 & 1.286000e+01 & 
1956061506 266.200012 35.200001 1.000000e+25 & 1.029000e+01 & 
TRACK_ID  17 START_TIME 1956061600
POINT_NUM  21
1956061600 159.000000 20.000000 1.008000e+03 & 1.000000e+25 & 
1956061606 157.399994 20.000000 1.006000e+03 & 1.000000e+25 & 
1956061612 155.850006 20.000000 1.006000e+03 & 1.000000e+25 & 
1956061618 155.500000 20.000000 1.006000e+03 & 1.000000e+25 & 
1956061700 155.149994 20.000000 1.004000e+03 & 1.000000e+25 & 
1956061706 154.850006 19.900000 1.004000e+03 & 1.000000e+25 & 
1956061712 153.949997 19.750000 1.004000e+03 & 1.000000e+25 & 
1956061718 153.250000 19.700001 1.004000e+03 & 1.000000e+25 & 
1956061800 152.500000 19.799999 1.004000e+03 & 1.000000e+25 & 
1956061806 152.220001 20.139999 1.004000e+03 & 1.000000e+25 & 
1956061812 151.929993 20.469999 1.004000e+03 & 1.000000e+25 & 
1956061818 151.619995 20.709999 1.004000e+03 & 1.000000e+25 & 
1956061900 151.199997 20.870001 1.000000e+03 & 1.000000e+25 & 
1956061906 150.559998 20.709999 1.004000e+03 & 1.000000e+25 & 
1956061912 150.119995 20.730000 1.006000e+03 & 1.000000e+25 & 
1956061918 149.690002 21.000000 1.006000e+03 & 1.000000e+25 & 
1956062000 149.289993 21.500000 1.008000e+03 & 1.000000e+25 & 
1956062006 148.940002 22.379999 1.008000e+03 & 1.000000e+25 & 
1956062012 148.800003 23.200001 1.008000e+03 & 1.000000e+25 & 
1956062018 148.399994 23.650000 1.008000e+03 & 1.000000e+25 & 
1956062100 148.000000 24.000000 1.008000e+03 & 1.000000e+25 & 
TRACK_ID  19 START_TIME 1956062518
POINT_NUM  6
1956062518 70.099998 19.900000 1.000000e+25 & 1.000000e+25 & 
1956062600 70.000000 20.000000 1.000000e+25 & 1.000000e+25 & 
1956062606 69.510002 20.500000 1.000000e+25 & 1.000000e+25 & 
1956062612 68.989998 21.010000 1.000000e+25 & 1.000000e+25 & 
1956062618 68.419998 21.510000 1.000000e+25 & 1.000000e+25 & 
1956062700 67.930000 21.990000 1.000000e+25 & 1.000000e+25 & 
TRACK_ID  20 START_TIME 1956062806
POINT_NUM  9
1956062806 119.000000 18.000000 1.000000e+25 & 1.000000e+25 & 
1956062812 118.400002 18.500000 1.000000e+25 & 1.000000e+25 & 
1956062818 118.000000 19.000000 1.000000e+25 & 1.000000e+25 & 
1956062900 118.000000 19.700001 1.000000e+25 & 1.000000e+25 & 
1956062906 117.900002 20.900000 1.000000e+25 & 1.000000e+25 & 
1956062912 116.900002 21.700001 1.000000e+25 & 1.000000e+25 & 
1956062918 115.800003 22.100000 1.000000e+25 & 1.000000e+25 & 
1956063000 115.199997 23.000000 1.000000e+25 & 1.000000e+25 & 
1956063006 116.199997 23.799999 1.000000e+25 & 1.000000e+25 & 
TRACK_ID  21 START_TIME 1956063018
POINT_NUM  14
1956063018 87.599998 18.600000 1.000000e+25 & 1.000000e+25 & 
1956070100 87.699997 18.700001 1.000000e+25 & 1.000000e+25 & 
1956070106 87.690002 19.100000 1.000000e+25 & 1.000000e+25 & 
1956070112 87.589996 19.500000 1.000000e+25 & 1.000000e+25 & 
1956070118 87.400002 19.900000 1.000000e+25 & 1.000000e+25 & 
1956070200 87.180000 20.290001 1.000000e+25 & 1.000000e+25 & 
1956070206 86.809998 20.500000 1.000000e+25 & 1.000000e+25 & 
1956070212 86.500000 20.620001 1.000000e+25 & 1.000000e+25 & 
1956070218 86.110001 20.790001 1.000000e+25 & 1.000000e+25 & 
1956070300 85.709999 20.889999 1.000000e+25 & 1.000000e+25 & 
1956070306 85.220001 20.910000 1.000000e+25 & 1.000000e+25 & 
1956070312 84.699997 20.910000 1.000000e+25 & 1.000000e+25 & 
1956070318 84.110001 20.889999 1.000000e+25 & 1.000000e+25 & 
1956070400 83.589996 20.809999 1.000000e+25 & 1.000000e+25 & 
TRACK_ID  22 START_TIME 1956070300
POINT_NUM  9
1956070300 137.600006 7.400000 1.000000e+25 & 1.000000e+25 & 
1956070306 137.100006 7.600000 1.000000e+25 & 1.000000e+25 & 
1956070312 136.399994 8.000000 1.000000e+25 & 1.000000e+25 & 
1956070318 135.500000 8.600000 1.000000e+25 & 1.000000e+25 & 
1956070400 134.800003 9.400000 1.000000e+25 & 1.000000e+25 & 
1956070406 134.000000 10.000000 1.000000e+25 & 1.000000e+25 & 
1956070412 133.100006 11.100000 1.000000e+25 & 1.000000e+25 & 
1956070418 132.500000 12.100000 1.000000e+25 & 1.000000e+25 & 
1956070500 131.899994 13.100000 1.000000e+25 & 1.000000e+25 & 
TRACK_ID  24 START_TIME 1956070900
POINT_NUM  13
1956070900 252.199997 17.799999 1.000000e+25 & 3.858000e+01 & 
1956070906 251.509995 18.580000 1.000000e+25 & 3.858000e+01 & 
1956070912 250.600006 19.100000 1.000000e+25 & 3.858000e+01 & 
1956070918 249.199997 19.500000 1.000000e+25 & 3.858000e+01 & 
1956071000 247.699997 19.700001 1.000000e+25 & 3.858000e+01 & 
1956071006 246.399994 19.799999 1.000000e+25 & 3.858000e+01 & 
1956071012 245.100006 19.799999 1.000000e+25 & 3.858000e+01 & 
1956071018 243.699997 19.709999 1.000000e+25 & 3.858000e+01 & 
1956071100 242.300003 19.700001 1.000000e+25 & 3.858000e+01 & 
1956071106 240.910004 19.690001 1.000000e+25 & 3.858000e+01 & 
1956071112 239.600006 19.700001 1.000000e+25 & 3.858000e+01 & 
1956071118 238.309998 19.799999 1.000000e+25 & 3.858000e+01 & 
1956071200 237.100006 20.000000 1.000000e+25 & 3.858000e+01 & 
TRACK_ID  23 START_TIME 1956070500
POINT_NUM  17
1956070500 126.000000 12.000000 1.004000e+03 & 1.000000e+25 & 
1956070506 125.400002 12.170000 1.000000e+03 & 1.000000e+25 & 
1956070512 124.489998 12.410000 1.002000e+03 & 1.000000e+25 & 
1956070518 123.489998 12.680000 1.000000e+03 & 1.000000e+25 & 
1956070600 122.000000 12.770000 1.000000e+03 & 1.000000e+25 & 
1956070606 120.839996 13.520000 1.000000e+03 & 1.000000e+25 & 
1956070612 119.379997 14.370000 9.980000e+02 & 1.000000e+25 & 
1956070618 117.669998 15.280000 9.980000e+02 & 1.000000e+25 & 
1956070700 115.830002 16.219999 9.950000e+02 & 1.000000e+25 & 
1956070706 113.870003 17.459999 9.900000e+02 & 1.000000e+25 & 
1956070712 112.430000 18.280001 9.900000e+02 & 1.000000e+25 & 
1956070718 110.910004 18.879999 9.900000e+02 & 1.000000e+25 & 
1956070800 108.919998 19.370001 9.900000e+02 & 1.000000e+25 & 
1956070806 107.500000 19.299999 9.940000e+02 & 1.000000e+25 & 
1956070812 105.669998 19.530001 9.940000e+02 & 1.000000e+25 & 
1956070818 104.400002 20.000000 9.960000e+02 & 1.000000e+25 & 
1956070900 103.099998 20.299999 1.002000e+03 & 1.000000e+25 & 
TRACK_ID  29 START_TIME 1956072518
POINT_NUM  8
1956072518 267.500000 20.799999 1.000000e+25 & 1.543000e+01 & 
1956072600 266.700012 21.000000 1.006000e+03 & 1.801000e+01 & 
1956072606 265.600006 21.200001 1.000000e+25 & 2.572000e+01 & 
1956072612 264.399994 21.400000 9.910000e+02 & 3.344000e+01 & 
1956072618 263.100006 21.600000 1.000000e+25 & 3.858000e+01 & 
1956072700 261.899994 21.799999 1.000000e+25 & 3.087000e+01 & 
1956072706 261.100006 22.000000 1.000000e+25 & 1.801000e+01 & 
1956072712 260.500000 22.100000 1.000000e+25 & 1.286000e+01 & 
TRACK_ID  26 START_TIME 1956072118
POINT_NUM  9
1956072118 117.300003 16.799999 1.000000e+25 & 1.000000e+25 & 
1956072200 116.800003 17.799999 1.000000e+25 & 1.000000e+25 & 
1956072206 116.400002 18.600000 1.000000e+25 & 1.000000e+25 & 
1956072212 116.099998 19.400000 1.000000e+25 & 1.000000e+25 & 
1956072218 115.800003 20.000000 1.000000e+25 & 1.000000e+25 & 
1956072300 115.599998 20.600000 1.000000e+25 & 1.000000e+25 & 
1956072306 116.000000 21.299999 1.000000e+25 & 1.000000e+25 & 
1956072312 117.000000 21.700001 1.000000e+25 & 1.000000e+25 & 
1956072318 118.000000 22.000000 1.000000e+25 & 1.000000e+25 & 
TRACK_ID  28 START_TIME 1956072418
POINT_NUM  46
1956072418 144.800003 13.200000 1.000000e+25 & 1.000000e+25 & 
1956072500 145.570007 14.600000 1.008000e+03 & 1.000000e+25 & 
1956072506 145.990005 15.440000 1.006000e+03 & 1.000000e+25 & 
1956072512 146.199997 16.200001 1.006000e+03 & 1.000000e+25 & 
1956072518 146.449997 17.000000 1.005000e+03 & 1.000000e+25 & 
1956072600 146.449997 17.750000 1.004000e+03 & 1.000000e+25 & 
1956072606 146.350006 18.549999 1.004000e+03 & 1.000000e+25 & 
1956072612 146.050003 19.299999 1.004000e+03 & 1.000000e+25 & 
1956072618 145.500000 19.850000 1.000000e+03 & 1.000000e+25 & 
1956072700 144.669998 20.129999 9.970000e+02 & 1.000000e+25 & 
1956072706 143.630005 20.230000 9.920000e+02 & 1.000000e+25 & 
1956072712 142.929993 20.170000 9.880000e+02 & 1.000000e+25 & 
1956072718 142.020004 20.150000 9.850000e+02 & 1.000000e+25 & 
1956072800 141.029999 20.120001 9.850000e+02 & 1.000000e+25 & 
1956072806 140.279999 20.100000 9.700000e+02 & 1.000000e+25 & 
1956072812 139.369995 20.170000 9.600000e+02 & 1.000000e+25 & 
1956072818 138.309998 20.350000 9.500000e+02 & 1.000000e+25 & 
1956072900 137.369995 20.520000 9.450000e+02 & 1.000000e+25 & 
1956072906 136.369995 20.850000 9.350000e+02 & 1.000000e+25 & 
1956072912 135.330002 21.170000 9.300000e+02 & 1.000000e+25 & 
1956072918 134.259995 21.490000 9.300000e+02 & 1.000000e+25 & 
1956073000 133.070007 21.770000 9.200000e+02 & 1.000000e+25 & 
1956073006 132.020004 22.000000 9.150000e+02 & 1.000000e+25 & 
1956073012 130.800003 22.230000 9.150000e+02 & 1.000000e+25 & 
1956073018 129.470001 22.520000 9.150000e+02 & 1.000000e+25 & 
1956073100 128.300003 22.730000 9.150000e+02 & 1.000000e+25 & 
1956073106 127.320000 23.250000 9.150000e+02 & 1.000000e+25 & 
1956073112 126.500000 23.900000 9.150000e+02 & 1.000000e+25 & 
1956073118 125.910004 24.830000 9.200000e+02 & 1.000000e+25 & 
1956080100 124.980003 25.820000 9.200000e+02 & 1.000000e+25 & 
1956080106 123.980003 26.969999 9.200000e+02 & 1.000000e+25 & 
1956080112 123.019997 28.270000 9.250000e+02 & 1.000000e+25 & 
1956080118 122.019997 29.420000 9.250000e+02 & 1.000000e+25 & 
1956080200 120.669998 30.320000 9.400000e+02 & 1.000000e+25 & 
1956080206 119.349998 31.000000 9.650000e+02 & 1.000000e+25 & 
1956080212 117.440002 31.590000 9.750000e+02 & 1.000000e+25 & 
1956080218 116.470001 32.700001 9.760000e+02 & 1.000000e+25 & 
1956080300 115.250000 33.270000 9.820000e+02 & 1.000000e+25 & 
1956080306 114.110001 33.740002 9.860000e+02 & 1.000000e+25 & 
1956080312 113.839996 34.200001 9.900000e+02 & 1.000000e+25 & 
1956080318 113.800003 34.610001 9.920000e+02 & 1.000000e+25 & 
1956080400 113.480003 35.080002 9.960000e+02 & 1.000000e+25 & 
1956080406 113.199997 35.599998 1.000000e+25 & 1.000000e+25 & 
1956080412 111.800003 36.400002 1.000000e+25 & 1.000000e+25 & 
1956080418 110.300003 37.299999 1.000000e+25 & 1.000000e+25 & 
1956080500 109.099998 38.099998 1.000000e+25 & 1.000000e+25 & 
TRACK_ID  32 START_TIME 1956080206
POINT_NUM  16
1956080206 146.000000 23.000000 1.006000e+03 & 1.000000e+25 & 
1956080212 144.750000 22.150000 1.008000e+03 & 1.000000e+25 & 
1956080218 142.300003 22.200001 1.004000e+03 & 1.000000e+25 & 
1956080300 140.800003 22.700001 9.900000e+02 & 1.000000e+25 & 
1956080306 139.750000 22.690001 9.650000e+02 & 1.000000e+25 & 
1956080312 138.279999 22.900000 9.650000e+02 & 1.000000e+25 & 
1956080318 136.899994 23.450001 9.650000e+02 & 1.000000e+25 & 
1956080400 135.500000 24.200001 9.900000e+02 & 1.000000e+25 & 
1956080406 134.500000 24.750000 1.000000e+03 & 1.000000e+25 & 
1956080412 133.369995 25.450001 1.000000e+03 & 1.000000e+25 & 
1956080418 132.490005 26.209999 1.000000e+03 & 1.000000e+25 & 
1956080500 131.770004 27.000000 1.004000e+03 & 1.000000e+25 & 
1956080506 132.000000 28.000000 1.004000e+03 & 1.000000e+25 & 
1956080512 133.000000 28.600000 1.008000e+03 & 1.000000e+25 & 
1956080518 134.000000 28.900000 1.008000e+03 & 1.000000e+25 & 
1956080600 135.500000 29.000000 1.010000e+03 & 1.000000e+25 & 
TRACK_ID  31 START_TIME 1956073118
POINT_NUM  22
1956073118 87.900002 19.200001 1.000000e+25 & 1.000000e+25 & 
1956080100 87.800003 19.400000 1.000000e+25 & 1.000000e+25 & 
1956080106 87.699997 19.600000 1.000000e+25 & 1.000000e+25 & 
1956080112 87.589996 19.799999 1.000000e+25 & 1.000000e+25 & 
1956080118 87.489998 19.990000 1.000000e+25 & 1.000000e+25 & 
1956080200 87.410004 20.110001 1.000000e+25 & 1.000000e+25 & 
1956080206 87.389999 20.290001 1.000000e+25 & 1.000000e+25 & 
1956080212 87.279999 20.410000 1.000000e+25 & 1.000000e+25 & 
1956080218 87.199997 20.590000 1.000000e+25 & 1.000000e+25 & 
1956080300 87.120003 20.780001 1.000000e+25 & 1.000000e+25 & 
1956080306 86.769997 21.100000 1.000000e+25 & 1.000000e+25 & 
1956080312 85.800003 21.610001 1.000000e+25 & 1.000000e+25 & 
1956080318 84.610001 22.190001 1.000000e+25 & 1.000000e+25 & 
1956080400 83.209999 22.709999 1.000000e+25 & 1.000000e+25 & 
1956080406 81.489998 23.219999 1.000000e+25 & 1.000000e+25 & 
1956080412 79.489998 23.700001 1.000000e+25 & 1.000000e+25 & 
1956080418 77.589996 24.100000 1.000000e+25 & 1.000000e+25 & 
1956080500 75.809998 24.490000 1.000000e+25 & 1.000000e+25 & 
1956080506 74.489998 24.700001 1.000000e+25 & 1.000000e+25 & 
1956080512 73.489998 24.790001 1.000000e+25 & 1.000000e+25 & 
1956080518 72.510002 24.809999 1.000000e+25 & 1.000000e+25 & 
1956080600 71.510002 24.889999 1.000000e+25 & 1.000000e+25 & 
TRACK_ID  33 START_TIME 1956080218
POINT_NUM  11
1956080218 143.000000 8.600000 1.000000e+25 & 1.000000e+25 & 
1956080300 142.000000 9.100000 1.000000e+25 & 1.000000e+25 & 
1956080306 141.000000 9.700000 1.000000e+25 & 1.000000e+25 & 
1956080312 139.500000 10.500000 1.000000e+25 & 1.000000e+25 & 
1956080318 138.000000 11.000000 1.000000e+25 & 1.000000e+25 & 
1956080400 136.699997 11.500000 1.000000e+25 & 1.000000e+25 & 
1956080406 135.800003 12.000000 1.000000e+25 & 1.000000e+25 & 
1956080412 134.800003 12.200000 1.000000e+25 & 1.000000e+25 & 
1956080418 133.899994 12.300000 1.000000e+25 & 1.000000e+25 & 
1956080500 132.800003 12.300000 1.000000e+25 & 1.000000e+25 & 
1956080506 131.399994 12.300000 1.000000e+25 & 1.000000e+25 & 
TRACK_ID  30 START_TIME 1956072612
POINT_NUM  4
1956072612 121.800003 21.700001 1.000000e+25 & 1.000000e+25 & 
1956072618 122.300003 22.400000 1.000000e+25 & 1.000000e+25 & 
1956072700 122.300003 23.200001 1.000000e+25 & 1.000000e+25 & 
1956072706 122.300003 23.900000 1.000000e+25 & 1.000000e+25 & 
TRACK_ID  27 START_TIME 1956072306
POINT_NUM  21
1956072306 134.500000 22.000000 1.000000e+25 & 1.000000e+25 & 
1956072312 133.000000 22.000000 1.000000e+25 & 1.000000e+25 & 
1956072318 131.699997 22.000000 1.000000e+25 & 1.000000e+25 & 
1956072400 130.600006 21.799999 1.000000e+25 & 1.000000e+25 & 
1956072406 129.800003 21.600000 1.000000e+25 & 1.000000e+25 & 
1956072412 129.000000 21.400000 1.000000e+25 & 1.000000e+25 & 
1956072418 128.100006 21.299999 1.000000e+25 & 1.000000e+25 & 
1956072500 127.400002 21.200001 1.000000e+25 & 1.000000e+25 & 
1956072506 126.300003 21.100000 1.000000e+25 & 1.000000e+25 & 
1956072512 125.000000 21.000000 1.000000e+25 & 1.000000e+25 & 
1956072518 123.500000 21.100000 1.000000e+25 & 1.000000e+25 & 
1956072600 122.900002 22.000000 1.000000e+25 & 1.000000e+25 & 
1956072606 122.800003 23.200001 1.000000e+25 & 1.000000e+25 & 
1956072612 122.500000 24.600000 1.000000e+25 & 1.000000e+25 & 
1956072618 121.500000 25.700001 1.000000e+25 & 1.000000e+25 & 
1956072700 120.800003 26.100000 1.000000e+25 & 1.000000e+25 & 
1956072706 120.199997 26.299999 1.000000e+25 & 1.000000e+25 & 
1956072712 119.300003 26.500000 1.000000e+25 & 1.000000e+25 & 
1956072718 118.400002 26.799999 1.000000e+25 & 1.000000e+25 & 
1956072800 117.400002 27.299999 1.000000e+25 & 1.000000e+25 & 
1956072806 116.300003 28.000000 1.000000e+25 & 1.000000e+25 & 
TRACK_ID  34 START_TIME 1956080418
POINT_NUM  10
1956080418 115.000000 13.000000 1.000000e+25 & 1.000000e+25 & 
1956080500 113.000000 14.500000 1.000000e+25 & 1.000000e+25 & 
1956080506 111.500000 17.000000 1.000000e+25 & 1.000000e+25 & 
1956080512 111.000000 18.500000 1.000000e+25 & 1.000000e+25 & 
1956080518 110.400002 19.600000 1.000000e+25 & 1.000000e+25 & 
1956080600 110.000000 20.000000 1.000000e+25 & 1.000000e+25 & 
1956080606 108.900002 20.500000 1.000000e+25 & 1.000000e+25 & 
1956080612 107.900002 21.500000 1.000000e+25 & 1.000000e+25 & 
1956080618 107.199997 22.500000 1.000000e+25 & 1.000000e+25 & 
1956080700 106.800003 23.299999 1.000000e+25 & 1.000000e+25 & 
TRACK_ID  39 START_TIME 1956081000
POINT_NUM  11
1956081000 119.500000 17.500000 1.000000e+25 & 1.000000e+25 & 
1956081006 118.300003 16.500000 1.000000e+25 & 1.000000e+25 & 
1956081012 116.599998 16.000000 1.000000e+25 & 1.000000e+25 & 
1956081018 114.800003 16.000000 1.000000e+25 & 1.000000e+25 & 
1956081100 113.000000 16.200001 1.000000e+25 & 1.000000e+25 & 
1956081106 111.800003 16.400000 1.000000e+25 & 1.000000e+25 & 
1956081112 110.699997 16.700001 1.000000e+25 & 1.000000e+25 & 
1956081118 110.000000 17.000000 1.000000e+25 & 1.000000e+25 & 
1956081200 109.000000 17.500000 1.000000e+25 & 1.000000e+25 & 
1956081206 107.800003 18.299999 1.000000e+25 & 1.000000e+25 & 
1956081212 106.099998 18.799999 1.000000e+25 & 1.000000e+25 & 
TRACK_ID  36 START_TIME 1956080618
POINT_NUM  14
1956080618 88.000000 20.799999 1.000000e+25 & 1.000000e+25 & 
1956080700 88.000000 20.900000 1.000000e+25 & 1.000000e+25 & 
1956080706 87.690002 21.740000 1.000000e+25 & 1.000000e+25 & 
1956080712 86.989998 23.090000 1.000000e+25 & 1.000000e+25 & 
1956080718 85.910004 23.719999 1.000000e+25 & 1.000000e+25 & 
1956080800 84.540001 23.900000 1.000000e+25 & 1.000000e+25 & 
1956080806 83.570000 23.900000 1.000000e+25 & 1.000000e+25 & 
1956080812 82.690002 23.820000 1.000000e+25 & 1.000000e+25 & 
1956080818 81.889999 24.000000 1.000000e+25 & 1.000000e+25 & 
1956080900 81.080002 24.379999 1.000000e+25 & 1.000000e+25 & 
1956080906 80.410004 24.600000 1.000000e+25 & 1.000000e+25 & 
1956080912 80.099998 24.790001 1.000000e+25 & 1.000000e+25 & 
1956080918 79.900002 25.080000 1.000000e+25 & 1.000000e+25 & 
1956081000 79.730003 25.490000 1.000000e+25 & 1.000000e+25 & 
TRACK_ID  35 START_TIME 1956080706
POINT_NUM  14
1956080706 136.800003 8.400000 1.004000e+03 & 1.000000e+25 & 
1956080712 136.000000 9.000000 1.004000e+03 & 1.000000e+25 & 
1956080718 135.199997 9.800000 1.004000e+03 & 1.000000e+25 & 
1956080800 134.399994 10.200000 1.004000e+03 & 1.000000e+25 & 
1956080806 133.399994 10.800000 1.004000e+03 & 1.000000e+25 & 
1956080812 132.100006 11.200000 1.004000e+03 & 1.000000e+25 & 
1956080818 130.600006 12.000000 1.002000e+03 & 1.000000e+25 & 
1956080900 128.199997 13.670000 1.002000e+03 & 1.000000e+25 & 
1956080906 126.610001 15.020000 1.000000e+03 & 1.000000e+25 & 
1956080912 125.699997 15.730000 1.000000e+03 & 1.000000e+25 & 
1956080918 124.540001 16.430000 9.980000e+02 & 1.000000e+25 & 
1956081000 123.279999 17.080000 1.000000e+03 & 1.000000e+25 & 
1956081006 121.519997 17.950001 1.000000e+25 & 1.000000e+25 & 
1956081012 120.099998 18.900000 1.000000e+25 & 1.000000e+25 & 
TRACK_ID  40 START_TIME 1956081318
POINT_NUM  22
1956081318 88.199997 17.600000 1.000000e+25 & 1.000000e+25 & 
1956081400 88.099998 17.799999 1.000000e+25 & 1.000000e+25 & 
1956081406 87.910004 18.010000 1.000000e+25 & 1.000000e+25 & 
1956081412 87.790001 18.389999 1.000000e+25 & 1.000000e+25 & 
1956081418 87.610001 18.600000 1.000000e+25 & 1.000000e+25 & 
1956081500 87.510002 18.790001 1.000000e+25 & 1.000000e+25 & 
1956081506 87.510002 19.100000 1.000000e+25 & 1.000000e+25 & 
1956081512 87.610001 19.590000 1.000000e+25 & 1.000000e+25 & 
1956081518 87.779999 19.980000 1.000000e+25 & 1.000000e+25 & 
1956081600 87.900002 20.200001 1.000000e+25 & 1.000000e+25 & 
1956081606 88.120003 20.709999 1.000000e+25 & 1.000000e+25 & 
1956081612 88.510002 21.590000 1.000000e+25 & 1.000000e+25 & 
1956081618 88.809998 22.400000 1.000000e+25 & 1.000000e+25 & 
1956081700 88.989998 23.160000 1.000000e+25 & 1.000000e+25 & 
1956081706 89.010002 23.330000 1.000000e+25 & 1.000000e+25 & 
1956081712 89.000000 23.320000 1.000000e+25 & 1.000000e+25 & 
1956081718 89.000000 23.290001 1.000000e+25 & 1.000000e+25 & 
1956081800 89.000000 23.280001 1.000000e+25 & 1.000000e+25 & 
1956081806 89.010002 23.420000 1.000000e+25 & 1.000000e+25 & 
1956081812 89.099998 23.980000 1.000000e+25 & 1.000000e+25 & 
1956081818 89.089996 24.400000 1.000000e+25 & 1.000000e+25 & 
1956081900 88.989998 24.730000 1.000000e+25 & 1.000000e+25 & 
TRACK_ID  38 START_TIME 1956081006
POINT_NUM  39
1956081006 126.000000 16.000000 1.002000e+03 & 1.000000e+25 & 
1956081012 126.449997 17.250000 1.004000e+03 & 1.000000e+25 & 
1956081018 127.000000 18.350000 1.004000e+03 & 1.000000e+25 & 
1956081100 127.500000 19.150000 1.002000e+03 & 1.000000e+25 & 
1956081106 128.000000 20.000000 1.000000e+03 & 1.000000e+25 & 
1956081112 128.000000 20.400000 1.000000e+03 & 1.000000e+25 & 
1956081118 127.849998 20.799999 1.000000e+03 & 1.000000e+25 & 
1956081200 127.300003 20.969999 1.000000e+03 & 1.000000e+25 & 
1956081206 127.010002 21.000000 9.960000e+02 & 1.000000e+25 & 
1956081212 127.000000 21.000000 9.940000e+02 & 1.000000e+25 & 
1956081218 126.910004 21.040001 9.940000e+02 & 1.000000e+25 & 
1956081300 126.830002 21.129999 9.920000e+02 & 1.000000e+25 & 
1956081306 126.720001 21.139999 9.900000e+02 & 1.000000e+25 & 
1956081312 126.620003 21.230000 9.880000e+02 & 1.000000e+25 & 
1956081318 126.410004 21.250000 9.840000e+02 & 1.000000e+25 & 
1956081400 126.099998 21.400000 9.800000e+02 & 1.000000e+25 & 
1956081406 125.750000 21.879999 9.800000e+02 & 1.000000e+25 & 
1956081412 125.720001 22.730000 9.800000e+02 & 1.000000e+25 & 
1956081418 126.089996 23.540001 9.800000e+02 & 1.000000e+25 & 
1956081500 126.019997 24.549999 9.700000e+02 & 1.000000e+25 & 
1956081506 125.760002 24.940001 9.600000e+02 & 1.000000e+25 & 
1956081512 125.599998 25.870001 9.600000e+02 & 1.000000e+25 & 
1956081518 126.400002 27.330000 9.650000e+02 & 1.000000e+25 & 
1956081600 127.269997 29.000000 9.650000e+02 & 1.000000e+25 & 
1956081606 127.730003 30.670000 9.650000e+02 & 1.000000e+25 & 
1956081612 128.000000 32.070000 9.650000e+02 & 1.000000e+25 & 
1956081618 129.070007 33.209999 9.650000e+02 & 1.000000e+25 & 
1956081700 130.929993 34.549999 9.650000e+02 & 1.000000e+25 & 
1956081706 132.789993 36.119999 9.650000e+02 & 1.000000e+25 & 
1956081712 134.679993 37.820000 9.700000e+02 & 1.000000e+25 & 
1956081718 136.949997 38.450001 9.750000e+02 & 1.000000e+25 & 
1956081800 138.119995 39.230000 9.750000e+02 & 1.000000e+25 & 
1956081806 139.199997 40.299999 9.850000e+02 & 1.000000e+25 & 
1956081812 139.839996 41.330002 9.940000e+02 & 1.000000e+25 & 
1956081818 140.070007 42.500000 9.980000e+02 & 1.000000e+25 & 
1956081900 140.000000 43.000000 9.990000e+02 & 1.000000e+25 & 
1956081906 140.000000 43.000000 1.002000e+03 & 1.000000e+25 & 
1956081912 140.000000 43.000000 1.004000e+03 & 1.000000e+25 & 
1956081918 140.000000 43.000000 1.002000e+03 & 1.000000e+25 & 
TRACK_ID  37 START_TIME 1956080906
POINT_NUM  50
1956080906 312.799988 13.500000 1.000000e+25 & 2.572000e+01 & 
1956080912 311.200012 13.700000 1.000000e+25 & 2.829000e+01 & 
1956080918 309.799988 13.900000 1.000000e+25 & 3.087000e+01 & 
1956081000 308.399994 14.000000 1.000000e+25 & 3.344000e+01 & 
1956081006 307.000000 14.100000 1.000000e+25 & 3.601000e+01 & 
1956081012 305.500000 14.300000 1.000000e+25 & 4.116000e+01 & 
1956081018 304.000000 14.700000 9.790000e+02 & 4.630000e+01 & 
1956081100 302.399994 15.000000 1.000000e+25 & 4.630000e+01 & 
1956081106 300.899994 15.200000 1.000000e+25 & 4.630000e+01 & 
1956081112 299.600006 15.500000 1.000000e+25 & 4.630000e+01 & 
1956081118 298.200012 16.000000 9.790000e+02 & 4.630000e+01 & 
1956081200 296.799988 16.500000 1.000000e+25 & 4.373000e+01 & 
1956081206 295.500000 17.100000 1.000000e+25 & 4.373000e+01 & 
1956081212 294.100006 17.900000 9.810000e+02 & 4.373000e+01 & 
1956081218 292.700012 18.799999 1.000000e+25 & 4.116000e+01 & 
1956081300 291.299988 19.799999 1.000000e+25 & 4.373000e+01 & 
1956081306 290.000000 20.900000 1.000000e+25 & 4.887000e+01 & 
1956081312 288.600006 22.000000 9.720000e+02 & 5.144000e+01 & 
1956081318 287.299988 23.000000 1.000000e+25 & 5.144000e+01 & 
1956081400 286.100006 24.000000 1.000000e+25 & 5.144000e+01 & 
1956081406 285.000000 24.900000 1.000000e+25 & 5.402000e+01 & 
1956081412 284.000000 25.700001 9.600000e+02 & 5.402000e+01 & 
1956081418 283.299988 26.500000 1.000000e+25 & 5.144000e+01 & 
1956081500 283.100006 27.200001 9.680000e+02 & 4.630000e+01 & 
1956081506 283.000000 27.799999 1.000000e+25 & 4.630000e+01 & 
1956081512 283.299988 28.299999 9.630000e+02 & 4.887000e+01 & 
1956081518 283.799988 28.799999 1.000000e+25 & 4.887000e+01 & 
1956081600 284.299988 29.299999 1.000000e+25 & 4.630000e+01 & 
1956081606 284.799988 29.900000 9.730000e+02 & 4.116000e+01 & 
1956081612 285.700012 30.799999 1.000000e+25 & 4.373000e+01 & 
1956081618 286.600006 32.200001 1.000000e+25 & 4.887000e+01 & 
1956081700 287.600006 33.700001 9.540000e+02 & 5.144000e+01 & 
1956081706 288.799988 35.099998 1.000000e+25 & 4.887000e+01 & 
1956081712 290.200012 36.599998 1.000000e+25 & 4.373000e+01 & 
1956081718 291.600006 38.000000 1.000000e+25 & 3.858000e+01 & 
1956081800 293.299988 39.500000 1.000000e+25 & 3.601000e+01 & 
1956081806 295.299988 40.799999 1.000000e+25 & 3.344000e+01 & 
1956081812 297.899994 41.700001 1.000000e+25 & 3.087000e+01 & 
1956081818 301.399994 42.400002 1.000000e+25 & 2.829000e+01 & 
1956081900 305.000000 42.799999 1.000000e+25 & 2.829000e+01 & 
1956081906 308.299988 43.099998 1.000000e+25 & 2.829000e+01 & 
1956081912 311.399994 43.200001 1.000000e+25 & 2.829000e+01 & 
1956081918 314.899994 43.099998 1.000000e+25 & 2.572000e+01 & 
1956082000 318.399994 42.900002 1.000000e+25 & 2.315000e+01 & 
1956082006 321.500000 42.500000 1.000000e+25 & 2.058000e+01 & 
1956082012 323.500000 42.099998 1.000000e+25 & 1.801000e+01 & 
1956082018 326.000000 42.000000 1.000000e+25 & 1.543000e+01 & 
1956082100 328.000000 42.000000 1.000000e+25 & 1.286000e+01 & 
1956082106 329.000000 42.000000 1.000000e+25 & 1.286000e+01 & 
1956082112 330.000000 42.000000 1.000000e+25 & 1.286000e+01 & 
TRACK_ID  42 START_TIME 1956082212
POINT_NUM  13
1956082212 247.100006 16.900000 1.000000e+25 & 3.858000e+01 & 
1956082218 246.789993 17.590000 1.000000e+25 & 3.858000e+01 & 
1956082300 246.199997 18.100000 1.000000e+25 & 3.858000e+01 & 
1956082306 245.229996 18.500000 1.000000e+25 & 3.858000e+01 & 
1956082312 244.100006 18.900000 1.000000e+25 & 3.858000e+01 & 
1956082318 242.520004 19.480000 1.000000e+25 & 3.858000e+01 & 
1956082400 240.800003 20.100000 1.000000e+25 & 3.858000e+01 & 
1956082406 238.820007 21.299999 1.000000e+25 & 3.858000e+01 & 
1956082412 236.800003 22.299999 1.000000e+25 & 3.858000e+01 & 
1956082418 234.589996 22.400000 1.000000e+25 & 3.858000e+01 & 
1956082500 232.399994 22.000000 1.000000e+25 & 3.087000e+01 & 
1956082506 230.490005 21.490000 1.000000e+25 & 3.858000e+01 & 
1956082512 228.699997 20.900000 1.000000e+25 & 3.858000e+01 & 
TRACK_ID  41 START_TIME 1956081600
POINT_NUM  12
1956081600 107.500000 18.400000 1.000000e+25 & 1.000000e+25 & 
1956081606 107.900002 18.500000 1.000000e+25 & 1.000000e+25 & 
1956081612 108.300003 18.600000 1.000000e+25 & 1.000000e+25 & 
1956081618 108.699997 18.700001 1.000000e+25 & 1.000000e+25 & 
1956081700 109.099998 18.799999 1.000000e+25 & 1.000000e+25 & 
1956081706 109.400002 19.100000 1.000000e+25 & 1.000000e+25 & 
1956081712 109.300003 19.400000 1.000000e+25 & 1.000000e+25 & 
1956081718 109.000000 19.700001 1.000000e+25 & 1.000000e+25 & 
1956081800 108.500000 20.200001 1.000000e+25 & 1.000000e+25 & 
1956081806 108.500000 21.100000 1.000000e+25 & 1.000000e+25 & 
1956081812 108.699997 22.000000 1.000000e+25 & 1.000000e+25 & 
1956081818 109.000000 23.000000 1.000000e+25 & 1.000000e+25 & 
TRACK_ID  43 START_TIME 1956082500
POINT_NUM  11
1956082500 116.500000 14.000000 1.000000e+25 & 1.000000e+25 & 
1956082506 116.300003 15.000000 1.000000e+25 & 1.000000e+25 & 
1956082512 115.900002 15.700000 1.000000e+25 & 1.000000e+25 & 
1956082518 115.099998 16.200001 1.000000e+25 & 1.000000e+25 & 
1956082600 114.099998 17.200001 1.000000e+25 & 1.000000e+25 & 
1956082606 113.599998 18.500000 1.000000e+25 & 1.000000e+25 & 
1956082612 113.000000 19.200001 1.000000e+25 & 1.000000e+25 & 
1956082618 111.699997 19.700001 1.000000e+25 & 1.000000e+25 & 
1956082700 110.199997 19.799999 1.000000e+25 & 1.000000e+25 & 
1956082706 109.000000 20.200001 1.000000e+25 & 1.000000e+25 & 
1956082712 107.800003 20.600000 1.000000e+25 & 1.000000e+25 & 
TRACK_ID  44 START_TIME 1956082500
POINT_NUM  33
1956082500 143.000000 14.080000 1.006000e+03 & 1.000000e+25 & 
1956082506 142.009995 14.270000 1.004000e+03 & 1.000000e+25 & 
1956082512 141.130005 14.870000 1.004000e+03 & 1.000000e+25 & 
1956082518 140.399994 15.570000 1.004000e+03 & 1.000000e+25 & 
1956082600 139.550003 16.420000 1.004000e+03 & 1.000000e+25 & 
1956082606 138.660004 17.290001 1.002000e+03 & 1.000000e+25 & 
1956082612 137.229996 18.330000 1.004000e+03 & 1.000000e+25 & 
1956082618 135.100006 19.209999 1.002000e+03 & 1.000000e+25 & 
1956082700 133.029999 19.620001 9.900000e+02 & 1.000000e+25 & 
1956082706 131.449997 19.420000 9.900000e+02 & 1.000000e+25 & 
1956082712 130.080002 19.129999 9.800000e+02 & 1.000000e+25 & 
1956082718 128.639999 18.690001 9.750000e+02 & 1.000000e+25 & 
1956082800 127.230003 18.370001 9.750000e+02 & 1.000000e+25 & 
1956082806 125.620003 18.040001 9.750000e+02 & 1.000000e+25 & 
1956082812 123.800003 17.850000 9.750000e+02 & 1.000000e+25 & 
1956082818 122.220001 17.920000 9.800000e+02 & 1.000000e+25 & 
1956082900 120.529999 17.850000 9.800000e+02 & 1.000000e+25 & 
1956082906 118.809998 17.450001 9.800000e+02 & 1.000000e+25 & 
1956082912 116.970001 17.219999 9.800000e+02 & 1.000000e+25 & 
1956082918 115.419998 17.120001 9.800000e+02 & 1.000000e+25 & 
1956083000 113.970001 17.049999 9.800000e+02 & 1.000000e+25 & 
1956083006 112.519997 17.049999 9.800000e+02 & 1.000000e+25 & 
1956083012 111.419998 17.150000 9.800000e+02 & 1.000000e+25 & 
1956083018 110.389999 17.480000 9.800000e+02 & 1.000000e+25 & 
1956083100 109.250000 17.730000 9.800000e+02 & 1.000000e+25 & 
1956083106 108.500000 17.830000 9.800000e+02 & 1.000000e+25 & 
1956083112 107.720001 17.840000 9.860000e+02 & 1.000000e+25 & 
1956083118 106.849998 17.850000 9.880000e+02 & 1.000000e+25 & 
1956090100 106.169998 18.049999 9.900000e+02 & 1.000000e+25 & 
1956090106 104.800003 18.309999 9.900000e+02 & 1.000000e+25 & 
1956090112 103.419998 18.809999 9.920000e+02 & 1.000000e+25 & 
1956090118 102.330002 19.670000 9.950000e+02 & 1.000000e+25 & 
1956090200 100.669998 20.670000 1.000000e+03 & 1.000000e+25 & 
TRACK_ID  48 START_TIME 1956090400
POINT_NUM  11
1956090400 244.800003 16.299999 1.000000e+25 & 3.858000e+01 & 
1956090406 243.809998 16.500000 1.000000e+25 & 3.858000e+01 & 
1956090412 243.000000 16.700001 1.000000e+25 & 3.858000e+01 & 
1956090418 242.399994 16.799999 1.000000e+25 & 3.858000e+01 & 
1956090500 241.800003 16.900000 1.000000e+25 & 3.858000e+01 & 
1956090506 241.000000 17.010000 1.000000e+25 & 3.858000e+01 & 
1956090512 240.100006 17.100000 1.000000e+25 & 3.858000e+01 & 
1956090518 239.210007 16.900000 1.000000e+25 & 3.858000e+01 & 
1956090600 238.399994 16.600000 1.000000e+25 & 3.858000e+01 & 
1956090606 237.690002 16.400000 1.000000e+25 & 3.858000e+01 & 
1956090612 236.899994 16.299999 1.000000e+25 & 3.858000e+01 & 
TRACK_ID  47 START_TIME 1956090300
POINT_NUM  4
1956090300 235.100006 17.700001 1.000000e+25 & 2.315000e+01 & 
1956090306 233.509995 17.280001 1.000000e+25 & 2.315000e+01 & 
1956090312 232.000000 16.700001 1.000000e+25 & 2.315000e+01 & 
1956090318 230.199997 16.400000 1.000000e+25 & 2.315000e+01 & 
TRACK_ID  45 START_TIME 1956082818
POINT_NUM  36
1956082818 132.000000 16.100000 1.000000e+25 & 1.000000e+25 & 
1956082900 131.770004 17.000000 1.000000e+25 & 1.000000e+25 & 
1956082906 130.580002 17.549999 1.000000e+25 & 1.000000e+25 & 
1956082912 130.419998 18.219999 1.000000e+25 & 1.000000e+25 & 
1956082918 130.830002 18.790001 1.000000e+25 & 1.000000e+25 & 
1956083000 131.259995 19.280001 1.000000e+25 & 1.000000e+25 & 
1956083006 131.860001 19.650000 1.000000e+25 & 1.000000e+25 & 
1956083012 132.139999 20.120001 1.000000e+25 & 1.000000e+25 & 
1956083018 131.970001 20.320000 9.960000e+02 & 1.000000e+25 & 
1956083100 131.229996 20.230000 9.920000e+02 & 1.000000e+25 & 
1956083106 129.979996 20.090000 9.900000e+02 & 1.000000e+25 & 
1956083112 129.179993 19.670000 9.900000e+02 & 1.000000e+25 & 
1956083118 128.699997 19.440001 9.880000e+02 & 1.000000e+25 & 
1956090100 128.070007 19.100000 9.850000e+02 & 1.000000e+25 & 
1956090106 127.410004 19.260000 9.800000e+02 & 1.000000e+25 & 
1956090112 126.730003 19.719999 9.750000e+02 & 1.000000e+25 & 
1956090118 126.269997 20.219999 9.700000e+02 & 1.000000e+25 & 
1956090200 125.730003 20.830000 9.700000e+02 & 1.000000e+25 & 
1956090206 124.949997 21.340000 9.700000e+02 & 1.000000e+25 & 
1956090212 124.230003 22.230000 9.700000e+02 & 1.000000e+25 & 
1956090218 123.160004 23.209999 9.700000e+02 & 1.000000e+25 & 
1956090300 122.029999 23.930000 9.700000e+02 & 1.000000e+25 & 
1956090306 121.029999 24.760000 9.700000e+02 & 1.000000e+25 & 
1956090312 120.059998 25.480000 9.700000e+02 & 1.000000e+25 & 
1956090318 119.050003 26.190001 9.780000e+02 & 1.000000e+25 & 
1956090400 118.029999 27.500000 9.880000e+02 & 1.000000e+25 & 
1956090406 117.620003 28.600000 9.900000e+02 & 1.000000e+25 & 
1956090412 118.129997 30.209999 9.920000e+02 & 1.000000e+25 & 
1956090418 118.500000 32.060001 9.920000e+02 & 1.000000e+25 & 
1956090500 119.849998 34.150002 9.920000e+02 & 1.000000e+25 & 
1956090506 122.849998 36.150002 9.900000e+02 & 1.000000e+25 & 
1956090512 125.949997 39.200001 9.900000e+02 & 1.000000e+25 & 
1956090518 128.929993 43.259998 9.860000e+02 & 1.000000e+25 & 
1956090600 131.899994 47.040001 9.860000e+02 & 1.000000e+25 & 
1956090606 133.000000 49.000000 9.900000e+02 & 1.000000e+25 & 
1956090612 137.000000 49.000000 1.000000e+03 & 1.000000e+25 & 
TRACK_ID  46 START_TIME 1956090100
POINT_NUM  43
1956090100 140.000000 23.500000 1.006000e+03 & 1.000000e+25 & 
1956090106 140.750000 23.750000 1.004000e+03 & 1.000000e+25 & 
1956090112 141.070007 24.360001 1.004000e+03 & 1.000000e+25 & 
1956090118 141.470001 25.059999 1.004000e+03 & 1.000000e+25 & 
1956090200 142.149994 25.480000 1.004000e+03 & 1.000000e+25 & 
1956090206 142.460007 25.290001 1.002000e+03 & 1.000000e+25 & 
1956090212 142.300003 24.719999 1.002000e+03 & 1.000000e+25 & 
1956090218 142.020004 24.320000 1.000000e+03 & 1.000000e+25 & 
1956090300 141.520004 23.950001 9.960000e+02 & 1.000000e+25 & 
1956090306 141.059998 23.129999 9.950000e+02 & 1.000000e+25 & 
1956090312 140.279999 22.520000 9.930000e+02 & 1.000000e+25 & 
1956090318 139.419998 21.900000 9.930000e+02 & 1.000000e+25 & 
1956090400 138.350006 21.270000 9.850000e+02 & 1.000000e+25 & 
1956090406 137.350006 20.629999 9.800000e+02 & 1.000000e+25 & 
1956090412 136.399994 19.980000 9.750000e+02 & 1.000000e+25 & 
1956090418 135.429993 19.490000 9.750000e+02 & 1.000000e+25 & 
1956090500 134.529999 19.180000 9.700000e+02 & 1.000000e+25 & 
1956090506 133.979996 19.040001 9.600000e+02 & 1.000000e+25 & 
1956090512 133.500000 19.030001 9.500000e+02 & 1.000000e+25 & 
1956090518 133.050003 19.180000 9.500000e+02 & 1.000000e+25 & 
1956090600 132.919998 19.400000 9.500000e+02 & 1.000000e+25 & 
1956090606 132.639999 20.139999 9.500000e+02 & 1.000000e+25 & 
1956090612 132.119995 20.980000 9.400000e+02 & 1.000000e+25 & 
1956090618 131.759995 21.840000 9.400000e+02 & 1.000000e+25 & 
1956090700 131.179993 22.780001 9.400000e+02 & 1.000000e+25 & 
1956090706 130.190002 23.990000 9.400000e+02 & 1.000000e+25 & 
1956090712 129.000000 25.000000 9.400000e+02 & 1.000000e+25 & 
1956090718 127.989998 25.840000 9.400000e+02 & 1.000000e+25 & 
1956090800 127.250000 26.299999 9.350000e+02 & 1.000000e+25 & 
1956090806 126.970001 26.650000 9.300000e+02 & 1.000000e+25 & 
1956090812 126.830002 27.420000 9.300000e+02 & 1.000000e+25 & 
1956090818 126.959999 28.330000 9.300000e+02 & 1.000000e+25 & 
1956090900 127.279999 29.629999 9.350000e+02 & 1.000000e+25 & 
1956090906 127.419998 30.860001 9.400000e+02 & 1.000000e+25 & 
1956090912 127.849998 32.000000 9.400000e+02 & 1.000000e+25 & 
1956090918 128.880005 33.820000 9.500000e+02 & 1.000000e+25 & 
1956091000 130.679993 36.430000 9.500000e+02 & 1.000000e+25 & 
1956091006 132.559998 39.700001 9.600000e+02 & 1.000000e+25 & 
1956091012 134.679993 43.000000 9.650000e+02 & 1.000000e+25 & 
1956091018 136.070007 45.220001 9.750000e+02 & 1.000000e+25 & 
1956091100 135.619995 46.759998 9.860000e+02 & 1.000000e+25 & 
1956091106 134.399994 47.900002 1.000000e+25 & 1.000000e+25 & 
1956091112 132.470001 48.570000 1.000000e+25 & 1.000000e+25 & 
TRACK_ID  49 START_TIME 1956090700
POINT_NUM  38
1956090700 285.000000 24.799999 1.000000e+25 & 1.543000e+01 & 
1956090706 285.000000 25.299999 1.000000e+25 & 1.543000e+01 & 
1956090712 285.200012 26.000000 1.000000e+25 & 1.543000e+01 & 
1956090718 285.600006 27.000000 1.000000e+25 & 1.543000e+01 & 
1956090800 286.000000 27.900000 1.000000e+25 & 1.543000e+01 & 
1956090806 286.399994 28.700001 1.000000e+25 & 1.543000e+01 & 
1956090812 286.700012 29.299999 1.000000e+25 & 1.801000e+01 & 
1956090818 287.000000 30.000000 1.000000e+25 & 1.801000e+01 & 
1956090900 287.500000 30.700001 1.003000e+03 & 1.801000e+01 & 
1956090906 288.000000 31.400000 1.002000e+03 & 1.801000e+01 & 
1956090912 289.200012 32.000000 1.000000e+03 & 2.058000e+01 & 
1956090918 290.799988 32.500000 1.000000e+25 & 2.572000e+01 & 
1956091000 293.000000 33.200001 1.000000e+25 & 2.572000e+01 & 
1956091006 295.799988 34.299999 1.000000e+25 & 2.829000e+01 & 
1956091012 298.799988 35.599998 1.000000e+25 & 3.087000e+01 & 
1956091018 301.299988 37.700001 1.000000e+25 & 3.087000e+01 & 
1956091100 303.899994 39.700001 1.000000e+25 & 3.087000e+01 & 
1956091106 307.000000 41.799999 1.000000e+25 & 3.087000e+01 & 
1956091112 310.000000 45.500000 1.000000e+25 & 2.829000e+01 & 
1956091118 315.000000 50.000000 1.000000e+25 & 2.572000e+01 & 
1956091200 319.000000 53.000000 1.000000e+25 & 2.572000e+01 & 
1956091206 322.000000 53.500000 1.000000e+25 & 2.572000e+01 & 
1956091212 326.000000 54.500000 1.000000e+25 & 2.572000e+01 & 
1956091218 330.000000 56.099998 1.000000e+25 & 2.572000e+01 & 
1956091300 333.500000 57.799999 1.000000e+25 & 2.829000e+01 & 
1956091306 337.000000 59.000000 1.000000e+25 & 3.087000e+01 & 
1956091312 341.000000 59.500000 1.000000e+25 & 3.087000e+01 & 
1956091318 345.500000 60.500000 1.000000e+25 & 3.087000e+01 & 
1956091400 350.500000 62.000000 1.000000e+25 & 2.829000e+01 & 
1956091406 356.000000 64.000000 1.000000e+25 & 2.829000e+01 & 
1956091412 1.500000 66.000000 1.000000e+25 & 2.829000e+01 & 
1956091418 7.000000 67.500000 1.000000e+25 & 2.572000e+01 & 
1956091500 10.000000 68.500000 1.000000e+25 & 2.572000e+01 & 
1956091506 13.000000 69.300003 1.000000e+25 & 2.572000e+01 & 
1956091512 14.700000 70.199997 1.000000e+25 & 2.572000e+01 & 
1956091518 15.700000 71.000000 1.000000e+25 & 2.315000e+01 & 
1956091600 16.000000 72.000000 1.000000e+25 & 2.058000e+01 & 
1956091606 16.000000 73.000000 1.000000e+25 & 1.801000e+01 & 
TRACK_ID  53 START_TIME 1956091118
POINT_NUM  11
1956091118 284.299988 23.500000 1.000000e+25 & 1.286000e+01 & 
1956091200 284.500000 24.000000 1.000000e+25 & 1.543000e+01 & 
1956091206 285.100006 24.799999 1.000000e+25 & 1.801000e+01 & 
1956091212 285.899994 25.700001 1.000000e+25 & 2.058000e+01 & 
1956091218 286.799988 26.600000 9.990000e+02 & 2.572000e+01 & 
1956091300 287.299988 27.299999 1.000000e+25 & 2.572000e+01 & 
1956091306 287.700012 27.799999 1.000000e+25 & 2.315000e+01 & 
1956091312 288.000000 28.200001 1.007000e+03 & 1.801000e+01 & 
1956091318 288.200012 28.600000 1.000000e+25 & 1.801000e+01 & 
1956091400 288.299988 29.000000 1.000000e+25 & 1.543000e+01 & 
1956091406 288.299988 29.400000 1.000000e+25 & 1.286000e+01 & 
TRACK_ID  56 START_TIME 1956091300
POINT_NUM  52
1956091300 131.300003 17.650000 1.006000e+03 & 1.000000e+25 & 
1956091306 130.910004 18.150000 1.000000e+03 & 1.000000e+25 & 
1956091312 130.399994 18.530001 1.000000e+03 & 1.000000e+25 & 
1956091318 129.940002 19.059999 1.000000e+03 & 1.000000e+25 & 
1956091400 129.119995 19.650000 9.900000e+02 & 1.000000e+25 & 
1956091406 128.020004 19.990000 9.900000e+02 & 1.000000e+25 & 
1956091412 127.099998 20.650000 9.900000e+02 & 1.000000e+25 & 
1956091418 126.220001 21.459999 9.900000e+02 & 1.000000e+25 & 
1956091500 125.320000 22.330000 9.900000e+02 & 1.000000e+25 & 
1956091506 124.529999 22.980000 9.850000e+02 & 1.000000e+25 & 
1956091512 123.750000 23.430000 9.800000e+02 & 1.000000e+25 & 
1956091518 123.190002 23.840000 9.800000e+02 & 1.000000e+25 & 
1956091600 122.620003 24.170000 9.800000e+02 & 1.000000e+25 & 
1956091606 121.660004 24.540001 9.800000e+02 & 1.000000e+25 & 
1956091612 121.000000 24.570000 9.900000e+02 & 1.000000e+25 & 
1956091618 120.330002 24.480000 9.900000e+02 & 1.000000e+25 & 
1956091700 119.830002 24.400000 9.940000e+02 & 1.000000e+25 & 
1956091706 119.309998 24.150000 9.940000e+02 & 1.000000e+25 & 
1956091712 118.650002 23.950001 9.940000e+02 & 1.000000e+25 & 
1956091718 118.220001 24.040001 9.940000e+02 & 1.000000e+25 & 
1956091800 118.230003 24.270000 9.940000e+02 & 1.000000e+25 & 
1956091806 117.720001 24.350000 9.940000e+02 & 1.000000e+25 & 
1956091812 116.949997 24.680000 9.960000e+02 & 1.000000e+25 & 
1956091818 116.430000 25.010000 9.960000e+02 & 1.000000e+25 & 
1956091900 116.239998 25.320000 9.960000e+02 & 1.000000e+25 & 
1956091906 116.900002 25.900000 9.980000e+02 & 1.000000e+25 & 
1956091912 117.349998 26.799999 1.000000e+03 & 1.000000e+25 & 
1956091918 118.000000 28.150000 1.004000e+03 & 1.000000e+25 & 
1956092000 118.400002 29.500000 1.006000e+03 & 1.000000e+25 & 
1956092006 119.349998 30.450001 1.004000e+03 & 1.000000e+25 & 
1956092012 120.750000 31.100000 1.004000e+03 & 1.000000e+25 & 
1956092018 122.050003 31.600000 1.004000e+03 & 1.000000e+25 & 
1956092100 123.500000 31.950001 1.004000e+03 & 1.000000e+25 & 
1956092106 124.900002 33.000000 1.004000e+03 & 1.000000e+25 & 
1956092112 126.949997 34.099998 1.004000e+03 & 1.000000e+25 & 
1956092118 128.250000 34.599998 1.004000e+03 & 1.000000e+25 & 
1956092200 132.550003 36.299999 1.007000e+03 & 1.000000e+25 & 
1956092206 137.000000 37.000000 1.008000e+03 & 1.000000e+25 & 
1956092212 141.649994 36.549999 1.008000e+03 & 1.000000e+25 & 
1956092218 148.000000 37.700001 1.004000e+03 & 1.000000e+25 & 
1956092300 151.850006 38.500000 1.002000e+03 & 1.000000e+25 & 
1956092306 156.000000 41.000000 1.002000e+03 & 1.000000e+25 & 
1956092312 159.750000 42.000000 9.980000e+02 & 1.000000e+25 & 
1956092318 161.199997 42.599998 9.900000e+02 & 1.000000e+25 & 
1956092400 165.000000 43.500000 9.880000e+02 & 1.000000e+25 & 
1956092406 168.000000 43.200001 9.800000e+02 & 1.000000e+25 & 
1956092412 171.100006 44.000000 9.800000e+02 & 1.000000e+25 & 
1956092418 174.649994 46.750000 9.750000e+02 & 1.000000e+25 & 
1956092500 176.000000 49.000000 9.760000e+02 & 1.000000e+25 & 
1956092506 178.000000 50.700001 9.820000e+02 & 1.000000e+25 & 
1956092512 179.000000 51.000000 9.820000e+02 & 1.000000e+25 & 
1956092518 182.000000 52.000000 1.000000e+25 & 1.000000e+25 & 
TRACK_ID  52 START_TIME 1956091006
POINT_NUM  12
1956091006 268.899994 20.500000 1.000000e+25 & 1.543000e+01 & 
1956091012 267.899994 20.799999 1.000000e+25 & 1.801000e+01 & 
1956091018 267.000000 21.100000 1.010000e+03 & 1.801000e+01 & 
1956091100 266.200012 21.299999 1.000000e+25 & 2.058000e+01 & 
1956091106 265.600006 21.500000 1.000000e+25 & 2.058000e+01 & 
1956091112 265.000000 21.700001 1.000000e+25 & 2.315000e+01 & 
1956091118 264.500000 21.700001 1.004000e+03 & 2.315000e+01 & 
1956091200 264.100006 21.500000 1.000000e+25 & 2.315000e+01 & 
1956091206 263.700012 21.299999 1.000000e+25 & 2.572000e+01 & 
1956091212 263.200012 21.100000 1.004000e+03 & 2.572000e+01 & 
1956091218 262.700012 20.900000 1.000000e+03 & 2.572000e+01 & 
1956091300 262.200012 20.700001 1.000000e+25 & 1.286000e+01 & 
TRACK_ID  54 START_TIME 1956091212
POINT_NUM  19
1956091212 255.399994 16.900000 1.000000e+25 & 3.858000e+01 & 
1956091218 254.100006 17.590000 1.000000e+25 & 3.858000e+01 & 
1956091300 252.899994 18.200001 1.000000e+25 & 3.858000e+01 & 
1956091306 251.889999 18.709999 1.000000e+25 & 3.858000e+01 & 
1956091312 250.800003 19.100000 1.000000e+25 & 3.858000e+01 & 
1956091318 249.410004 19.209999 1.000000e+25 & 3.858000e+01 & 
1956091400 248.000000 19.299999 1.000000e+25 & 3.858000e+01 & 
1956091406 246.490005 19.490000 1.000000e+25 & 3.858000e+01 & 
1956091412 245.000000 19.600000 1.000000e+25 & 3.858000e+01 & 
1956091418 243.889999 19.700001 1.000000e+25 & 3.858000e+01 & 
1956091500 242.899994 19.799999 1.000000e+25 & 3.858000e+01 & 
1956091506 241.910004 20.000000 1.000000e+25 & 3.858000e+01 & 
1956091512 241.000000 20.299999 1.000000e+25 & 3.858000e+01 & 
1956091518 239.910004 20.799999 1.000000e+25 & 3.858000e+01 & 
1956091600 239.000000 21.400000 1.000000e+25 & 3.858000e+01 & 
1956091606 238.300003 22.100000 1.000000e+25 & 3.858000e+01 & 
1956091612 237.699997 22.799999 1.000000e+25 & 3.858000e+01 & 
1956091618 237.199997 23.500000 1.000000e+25 & 3.858000e+01 & 
1956091700 236.699997 24.200001 1.000000e+25 & 3.858000e+01 & 
TRACK_ID  57 START_TIME 1956091706
POINT_NUM  35
1956091706 128.899994 12.000000 1.000000e+25 & 1.000000e+25 & 
1956091712 128.100006 12.000000 1.000000e+25 & 1.000000e+25 & 
1956091718 127.300003 12.000000 1.000000e+25 & 1.000000e+25 & 
1956091800 126.599998 12.000000 9.880000e+02 & 1.000000e+25 & 
1956091806 125.949997 12.150000 9.880000e+02 & 1.000000e+25 & 
1956091812 125.370003 12.250000 9.900000e+02 & 1.000000e+25 & 
1956091818 124.820000 12.400000 9.920000e+02 & 1.000000e+25 & 
1956091900 124.220001 12.720000 9.920000e+02 & 1.000000e+25 & 
1956091906 123.839996 13.580000 9.880000e+02 & 1.000000e+25 & 
1956091912 123.900002 14.570000 9.820000e+02 & 1.000000e+25 & 
1956091918 123.959999 15.420000 9.760000e+02 & 1.000000e+25 & 
1956092000 123.830002 16.400000 9.720000e+02 & 1.000000e+25 & 
1956092006 123.620003 17.309999 9.700000e+02 & 1.000000e+25 & 
1956092012 123.300003 18.170000 9.700000e+02 & 1.000000e+25 & 
1956092018 122.989998 19.020000 9.600000e+02 & 1.000000e+25 & 
1956092100 122.480003 19.820000 9.460000e+02 & 1.000000e+25 & 
1956092106 122.029999 20.240000 9.350000e+02 & 1.000000e+25 & 
1956092112 121.500000 20.480000 9.350000e+02 & 1.000000e+25 & 
1956092118 121.239998 20.980000 9.400000e+02 & 1.000000e+25 & 
1956092200 121.169998 21.580000 9.450000e+02 & 1.000000e+25 & 
1956092206 121.010002 22.010000 9.450000e+02 & 1.000000e+25 & 
1956092212 120.430000 22.379999 9.450000e+02 & 1.000000e+25 & 
1956092218 119.800003 22.990000 9.600000e+02 & 1.000000e+25 & 
1956092300 119.230003 23.520000 9.700000e+02 & 1.000000e+25 & 
1956092306 118.870003 24.160000 9.850000e+02 & 1.000000e+25 & 
1956092312 118.389999 24.809999 9.940000e+02 & 1.000000e+25 & 
1956092318 118.139999 25.440001 9.960000e+02 & 1.000000e+25 & 
1956092400 117.669998 26.170000 1.000000e+25 & 1.000000e+25 & 
1956092406 117.720001 27.120001 1.000000e+25 & 1.000000e+25 & 
1956092412 119.470001 29.600000 1.000000e+25 & 1.000000e+25 & 
1956092418 124.000000 32.299999 1.000000e+25 & 1.000000e+25 & 
1956092500 127.000000 33.200001 1.000000e+25 & 1.000000e+25 & 
1956092506 129.100006 34.000000 1.000000e+25 & 1.000000e+25 & 
1956092512 133.000000 36.299999 1.000000e+25 & 1.000000e+25 & 
1956092518 137.500000 38.000000 1.000000e+25 & 1.000000e+25 & 
TRACK_ID  58 START_TIME 1956091900
POINT_NUM  41
1956091900 142.300003 15.200000 1.006000e+03 & 1.000000e+25 & 
1956091906 142.130005 15.400000 1.004000e+03 & 1.000000e+25 & 
1956091912 141.779999 15.380000 1.004000e+03 & 1.000000e+25 & 
1956091918 141.399994 15.240000 1.002000e+03 & 1.000000e+25 & 
1956092000 140.899994 15.130000 1.000000e+03 & 1.000000e+25 & 
1956092006 140.440002 14.990000 1.000000e+03 & 1.000000e+25 & 
1956092012 139.669998 14.800000 1.000000e+03 & 1.000000e+25 & 
1956092018 138.800003 14.670000 1.000000e+03 & 1.000000e+25 & 
1956092100 137.899994 14.680000 1.000000e+03 & 1.000000e+25 & 
1956092106 137.190002 14.810000 1.000000e+03 & 1.000000e+25 & 
1956092112 136.369995 15.050000 9.980000e+02 & 1.000000e+25 & 
1956092118 135.820007 15.370000 9.960000e+02 & 1.000000e+25 & 
1956092200 135.149994 15.700000 9.940000e+02 & 1.000000e+25 & 
1956092206 134.440002 15.930000 9.920000e+02 & 1.000000e+25 & 
1956092212 133.899994 16.030001 9.920000e+02 & 1.000000e+25 & 
1956092218 133.270004 16.200001 9.920000e+02 & 1.000000e+25 & 
1956092300 132.729996 16.480000 9.900000e+02 & 1.000000e+25 & 
1956092306 131.559998 17.490000 9.850000e+02 & 1.000000e+25 & 
1956092312 130.419998 18.480000 9.850000e+02 & 1.000000e+25 & 
1956092318 129.520004 19.260000 9.820000e+02 & 1.000000e+25 & 
1956092400 128.669998 20.030001 9.800000e+02 & 1.000000e+25 & 
1956092406 127.849998 20.900000 9.750000e+02 & 1.000000e+25 & 
1956092412 127.000000 21.930000 9.700000e+02 & 1.000000e+25 & 
1956092418 126.400002 22.889999 9.700000e+02 & 1.000000e+25 & 
1956092500 126.220001 24.000000 9.700000e+02 & 1.000000e+25 & 
1956092506 126.480003 24.959999 9.600000e+02 & 1.000000e+25 & 
1956092512 127.029999 25.930000 9.530000e+02 & 1.000000e+25 & 
1956092518 127.809998 26.719999 9.550000e+02 & 1.000000e+25 & 
1956092600 128.720001 27.719999 9.550000e+02 & 1.000000e+25 & 
1956092606 130.149994 28.830000 9.550000e+02 & 1.000000e+25 & 
1956092612 132.130005 30.299999 9.550000e+02 & 1.000000e+25 & 
1956092618 134.279999 32.049999 9.600000e+02 & 1.000000e+25 & 
1956092700 136.800003 33.770000 9.680000e+02 & 1.000000e+25 & 
1956092706 140.350006 35.750000 9.840000e+02 & 1.000000e+25 & 
1956092712 145.529999 39.130001 9.800000e+02 & 1.000000e+25 & 
1956092718 151.039993 42.959999 9.800000e+02 & 1.000000e+25 & 
1956092800 158.000000 49.000000 9.820000e+02 & 1.000000e+25 & 
1956092806 166.500000 53.500000 9.840000e+02 & 1.000000e+25 & 
1956092812 171.800003 56.500000 9.800000e+02 & 1.000000e+25 & 
1956092818 175.500000 58.000000 9.840000e+02 & 1.000000e+25 & 
1956092900 183.000000 59.000000 1.000000e+25 & 1.000000e+25 & 
TRACK_ID  55 START_TIME 1956091300
POINT_NUM  14
1956091300 116.300003 17.700001 1.000000e+25 & 1.000000e+25 & 
1956091306 116.800003 18.000000 1.000000e+25 & 1.000000e+25 & 
1956091312 117.500000 18.100000 1.000000e+25 & 1.000000e+25 & 
1956091318 117.800003 17.500000 1.000000e+25 & 1.000000e+25 & 
1956091400 117.199997 16.900000 1.000000e+25 & 1.000000e+25 & 
1956091406 116.400002 16.299999 1.000000e+25 & 1.000000e+25 & 
1956091412 115.699997 16.000000 1.000000e+25 & 1.000000e+25 & 
1956091418 115.000000 16.200001 1.000000e+25 & 1.000000e+25 & 
1956091500 114.300003 16.700001 1.000000e+25 & 1.000000e+25 & 
1956091506 113.800003 17.299999 1.000000e+25 & 1.000000e+25 & 
1956091512 113.199997 17.700001 1.000000e+25 & 1.000000e+25 & 
1956091518 112.300003 18.100000 1.000000e+25 & 1.000000e+25 & 
1956091600 111.099998 18.500000 1.000000e+25 & 1.000000e+25 & 
1956091606 110.300003 19.000000 1.000000e+25 & 1.000000e+25 & 
TRACK_ID  50 START_TIME 1956090818
POINT_NUM  14
1956090818 90.099998 20.799999 1.000000e+25 & 1.000000e+25 & 
1956090900 89.800003 20.799999 1.000000e+25 & 1.000000e+25 & 
1956090906 89.389999 20.809999 1.000000e+25 & 1.000000e+25 & 
1956090912 88.809998 20.910000 1.000000e+25 & 1.000000e+25 & 
1956090918 88.400002 21.090000 1.000000e+25 & 1.000000e+25 & 
1956091000 87.919998 21.299999 1.000000e+25 & 1.000000e+25 & 
1956091006 87.389999 21.790001 1.000000e+25 & 1.000000e+25 & 
1956091012 86.690002 22.410000 1.000000e+25 & 1.000000e+25 & 
1956091018 85.989998 23.200001 1.000000e+25 & 1.000000e+25 & 
1956091100 85.309998 23.990000 1.000000e+25 & 1.000000e+25 & 
1956091106 84.910004 24.510000 1.000000e+25 & 1.000000e+25 & 
1956091112 84.699997 24.799999 1.000000e+25 & 1.000000e+25 & 
1956091118 84.500000 25.010000 1.000000e+25 & 1.000000e+25 & 
1956091200 84.300003 25.280001 1.000000e+25 & 1.000000e+25 & 
TRACK_ID  59 START_TIME 1956092018
POINT_NUM  51
1956092018 273.500000 18.000000 1.000000e+25 & 1.286000e+01 & 
1956092100 273.000000 18.100000 1.000000e+25 & 1.286000e+01 & 
1956092106 272.299988 18.299999 1.000000e+25 & 1.286000e+01 & 
1956092112 271.600006 18.500000 1.000000e+25 & 1.286000e+01 & 
1956092118 270.899994 18.900000 1.000000e+25 & 1.286000e+01 & 
1956092200 270.299988 19.500000 1.000000e+25 & 1.286000e+01 & 
1956092206 269.899994 20.400000 1.000000e+25 & 1.543000e+01 & 
1956092212 269.600006 21.500000 1.000000e+25 & 1.801000e+01 & 
1956092218 269.299988 22.600000 1.000000e+25 & 2.058000e+01 & 
1956092300 269.100006 23.799999 1.000000e+25 & 2.572000e+01 & 
1956092306 268.899994 25.000000 9.940000e+02 & 2.829000e+01 & 
1956092312 268.700012 26.200001 1.000000e+25 & 3.087000e+01 & 
1956092318 268.700012 27.100000 1.000000e+25 & 3.601000e+01 & 
1956092400 269.100006 28.000000 9.840000e+02 & 3.858000e+01 & 
1956092406 269.899994 28.700001 1.000000e+25 & 3.858000e+01 & 
1956092412 271.100006 29.400000 9.800000e+02 & 3.858000e+01 & 
1956092418 272.399994 29.900000 1.000000e+25 & 4.116000e+01 & 
1956092500 273.600006 30.400000 9.740000e+02 & 4.116000e+01 & 
1956092506 274.600006 30.799999 1.000000e+25 & 2.572000e+01 & 
1956092512 275.600006 31.200001 1.000000e+25 & 2.058000e+01 & 
1956092518 276.799988 31.900000 9.980000e+02 & 1.801000e+01 & 
1956092600 278.200012 32.599998 9.990000e+02 & 2.058000e+01 & 
1956092606 279.700012 33.400002 9.990000e+02 & 2.315000e+01 & 
1956092612 280.899994 34.099998 1.001000e+03 & 2.315000e+01 & 
1956092618 281.600006 34.500000 1.001000e+03 & 2.315000e+01 & 
1956092700 282.000000 34.799999 1.002000e+03 & 2.572000e+01 & 
1956092706 282.399994 35.000000 1.005000e+03 & 2.572000e+01 & 
1956092712 282.799988 35.299999 1.008000e+03 & 2.572000e+01 & 
1956092718 283.399994 35.599998 1.009000e+03 & 2.572000e+01 & 
1956092800 284.299988 36.299999 1.011000e+03 & 2.572000e+01 & 
1956092806 285.500000 37.400002 1.000000e+25 & 2.572000e+01 & 
1956092812 287.000000 38.500000 1.000000e+25 & 2.315000e+01 & 
1956092818 288.500000 39.500000 1.000000e+25 & 2.058000e+01 & 
1956092900 290.500000 40.099998 1.000000e+25 & 1.801000e+01 & 
1956092906 292.500000 40.299999 1.000000e+25 & 1.543000e+01 & 
1956092912 296.000000 40.500000 1.000000e+25 & 1.543000e+01 & 
1956092918 299.000000 40.299999 1.000000e+25 & 1.543000e+01 & 
1956093000 300.500000 39.799999 1.000000e+25 & 1.543000e+01 & 
1956093006 301.500000 38.500000 1.000000e+25 & 1.543000e+01 & 
1956093012 302.500000 37.500000 1.000000e+25 & 1.543000e+01 & 
1956093018 304.000000 36.700001 1.000000e+25 & 1.543000e+01 & 
1956100100 304.500000 36.000000 1.000000e+25 & 1.543000e+01 & 
1956100106 304.200012 36.000000 1.000000e+25 & 1.801000e+01 & 
1956100112 304.000000 37.000000 1.000000e+25 & 1.801000e+01 & 
1956100118 304.000000 38.500000 1.000000e+25 & 2.058000e+01 & 
1956100200 303.799988 40.000000 1.000000e+25 & 2.315000e+01 & 
1956100206 303.500000 41.500000 1.000000e+25 & 2.572000e+01 & 
1956100212 303.500000 43.000000 1.000000e+25 & 2.572000e+01 & 
1956100218 303.500000 44.500000 1.000000e+25 & 2.315000e+01 & 
1956100300 303.500000 46.000000 1.000000e+25 & 2.058000e+01 & 
1956100306 303.500000 47.500000 1.000000e+25 & 2.058000e+01 & 
TRACK_ID  61 START_TIME 1956092600
POINT_NUM  16
1956092600 117.000000 21.500000 1.000000e+25 & 1.000000e+25 & 
1956092606 116.599998 20.000000 1.000000e+25 & 1.000000e+25 & 
1956092612 116.000000 19.000000 1.000000e+25 & 1.000000e+25 & 
1956092618 115.400002 18.200001 1.000000e+25 & 1.000000e+25 & 
1956092700 114.800003 17.799999 1.000000e+25 & 1.000000e+25 & 
1956092706 114.400002 17.799999 1.000000e+25 & 1.000000e+25 & 
1956092712 114.099998 17.900000 1.000000e+25 & 1.000000e+25 & 
1956092718 113.900002 18.100000 1.000000e+25 & 1.000000e+25 & 
1956092800 113.500000 18.299999 1.000000e+25 & 1.000000e+25 & 
1956092806 113.199997 18.600000 1.000000e+25 & 1.000000e+25 & 
1956092812 112.900002 18.900000 1.000000e+25 & 1.000000e+25 & 
1956092818 112.599998 19.200001 1.000000e+25 & 1.000000e+25 & 
1956092900 112.199997 19.600000 1.000000e+25 & 1.000000e+25 & 
1956092906 111.500000 19.700001 1.000000e+25 & 1.000000e+25 & 
1956092912 110.199997 19.400000 1.000000e+25 & 1.000000e+25 & 
1956092918 108.400002 18.600000 1.000000e+25 & 1.000000e+25 & 
TRACK_ID  60 START_TIME 1956092218
POINT_NUM  20
1956092218 141.000000 25.500000 1.010000e+03 & 1.000000e+25 & 
1956092300 141.339996 26.340000 1.006000e+03 & 1.000000e+25 & 
1956092306 142.350006 27.059999 1.002000e+03 & 1.000000e+25 & 
1956092312 143.750000 27.150000 9.980000e+02 & 1.000000e+25 & 
1956092318 145.139999 27.219999 9.940000e+02 & 1.000000e+25 & 
1956092400 146.580002 27.299999 9.900000e+02 & 1.000000e+25 & 
1956092406 148.589996 27.469999 9.900000e+02 & 1.000000e+25 & 
1956092412 150.270004 27.500000 9.900000e+02 & 1.000000e+25 & 
1956092418 151.149994 27.070000 9.900000e+02 & 1.000000e+25 & 
1956092500 150.940002 26.280001 1.000000e+03 & 1.000000e+25 & 
1956092506 150.080002 25.680000 1.000000e+25 & 1.000000e+25 & 
1956092512 149.179993 25.240000 1.000000e+25 & 1.000000e+25 & 
1956092518 148.089996 25.270000 1.000000e+25 & 1.000000e+25 & 
1956092600 146.809998 25.870001 1.000000e+03 & 1.000000e+25 & 
1956092606 145.679993 26.740000 9.900000e+02 & 1.000000e+25 & 
1956092612 144.500000 28.000000 9.900000e+02 & 1.000000e+25 & 
1956092618 143.789993 29.400000 9.900000e+02 & 1.000000e+25 & 
1956092700 143.399994 31.070000 1.000000e+03 & 1.000000e+25 & 
1956092706 143.100006 33.000000 1.000000e+03 & 1.000000e+25 & 
1956092712 143.199997 35.000000 1.000000e+03 & 1.000000e+25 & 
TRACK_ID  62 START_TIME 1956100718
POINT_NUM  14
1956100718 71.300003 17.700001 1.000000e+25 & 1.000000e+25 & 
1956100800 71.000000 18.200001 1.000000e+25 & 1.000000e+25 & 
1956100806 70.900002 18.510000 1.000000e+25 & 1.000000e+25 & 
1956100812 70.809998 18.799999 1.000000e+25 & 1.000000e+25 & 
1956100818 70.790001 18.990000 1.000000e+25 & 1.000000e+25 & 
1956100900 70.779999 19.180000 1.000000e+25 & 1.000000e+25 & 
1956100906 70.919998 19.510000 1.000000e+25 & 1.000000e+25 & 
1956100912 71.480003 20.100000 1.000000e+25 & 1.000000e+25 & 
1956100918 71.879997 20.590000 1.000000e+25 & 1.000000e+25 & 
1956101000 72.190002 20.940001 1.000000e+25 & 1.000000e+25 & 
1956101006 72.739998 22.070000 1.000000e+25 & 1.000000e+25 & 
1956101012 73.790001 23.590000 1.000000e+25 & 1.000000e+25 & 
1956101018 74.510002 25.139999 1.000000e+25 & 1.000000e+25 & 
1956101100 74.889999 26.690001 1.000000e+25 & 1.000000e+25 & 
TRACK_ID  63 START_TIME 1956100906
POINT_NUM  12
1956100906 314.000000 15.300000 1.000000e+25 & 2.058000e+01 & 
1956100912 313.200012 15.300000 1.000000e+25 & 2.058000e+01 & 
1956100918 312.399994 15.300000 1.000000e+25 & 2.058000e+01 & 
1956101000 311.600006 15.500000 1.000000e+25 & 2.058000e+01 & 
1956101006 310.799988 16.000000 1.000000e+25 & 1.801000e+01 & 
1956101012 310.500000 17.000000 1.000000e+25 & 1.543000e+01 & 
1956101018 310.500000 17.799999 1.000000e+25 & 1.543000e+01 & 
1956101100 310.799988 18.400000 1.000000e+25 & 1.543000e+01 & 
1956101106 311.100006 18.700001 1.000000e+25 & 1.543000e+01 & 
1956101112 311.500000 19.000000 1.000000e+25 & 1.543000e+01 & 
1956101118 312.200012 19.299999 1.000000e+25 & 1.543000e+01 & 
1956101200 313.500000 19.700001 1.000000e+25 & 1.543000e+01 & 
TRACK_ID  64 START_TIME 1956101400
POINT_NUM  51
1956101400 131.500000 10.500000 1.000000e+25 & 1.000000e+25 & 
1956101406 131.800003 11.900000 1.000000e+25 & 1.000000e+25 & 
1956101412 132.500000 13.000000 1.000000e+25 & 1.000000e+25 & 
1956101418 133.600006 14.000000 1.000000e+25 & 1.000000e+25 & 
1956101500 134.500000 15.000000 1.006000e+03 & 1.000000e+25 & 
1956101506 134.500000 15.400000 1.002000e+03 & 1.000000e+25 & 
1956101512 134.500000 15.900000 1.002000e+03 & 1.000000e+25 & 
1956101518 134.449997 16.299999 1.000000e+03 & 1.000000e+25 & 
1956101600 134.300003 16.700001 9.750000e+02 & 1.000000e+25 & 
1956101606 134.070007 17.040001 9.750000e+02 & 1.000000e+25 & 
1956101612 133.820007 17.469999 9.800000e+02 & 1.000000e+25 & 
1956101618 133.649994 17.969999 9.750000e+02 & 1.000000e+25 & 
1956101700 133.479996 18.469999 9.750000e+02 & 1.000000e+25 & 
1956101706 132.789993 18.850000 9.750000e+02 & 1.000000e+25 & 
1956101712 132.029999 19.120001 9.700000e+02 & 1.000000e+25 & 
1956101718 131.500000 19.719999 9.700000e+02 & 1.000000e+25 & 
1956101800 130.830002 20.200001 9.600000e+02 & 1.000000e+25 & 
1956101806 130.020004 20.549999 9.600000e+02 & 1.000000e+25 & 
1956101812 129.250000 20.900000 9.650000e+02 & 1.000000e+25 & 
1956101818 129.169998 20.920000 9.650000e+02 & 1.000000e+25 & 
1956101900 129.270004 20.730000 9.700000e+02 & 1.000000e+25 & 
1956101906 128.750000 20.629999 9.700000e+02 & 1.000000e+25 & 
1956101912 128.050003 20.280001 9.700000e+02 & 1.000000e+25 & 
1956101918 127.269997 19.360001 9.600000e+02 & 1.000000e+25 & 
1956102000 126.279999 18.420000 9.550000e+02 & 1.000000e+25 & 
1956102006 125.320000 17.959999 9.500000e+02 & 1.000000e+25 & 
1956102012 124.320000 17.780001 9.400000e+02 & 1.000000e+25 & 
1956102018 122.870003 17.299999 9.400000e+02 & 1.000000e+25 & 
1956102100 121.449997 17.200001 9.500000e+02 & 1.000000e+25 & 
1956102106 120.169998 17.190001 9.850000e+02 & 1.000000e+25 & 
1956102112 119.029999 17.520000 9.850000e+02 & 1.000000e+25 & 
1956102118 118.150002 17.809999 9.850000e+02 & 1.000000e+25 & 
1956102200 117.470001 18.280001 9.800000e+02 & 1.000000e+25 & 
1956102206 116.589996 18.500000 9.800000e+02 & 1.000000e+25 & 
1956102212 115.870003 18.850000 9.800000e+02 & 1.000000e+25 & 
1956102218 115.169998 19.209999 9.850000e+02 & 1.000000e+25 & 
1956102300 114.470001 19.500000 9.850000e+02 & 1.000000e+25 & 
1956102306 114.339996 19.520000 9.750000e+02 & 1.000000e+25 & 
1956102312 114.269997 19.549999 9.750000e+02 & 1.000000e+25 & 
1956102318 114.169998 19.590000 9.800000e+02 & 1.000000e+25 & 
1956102400 114.029999 19.680000 9.850000e+02 & 1.000000e+25 & 
1956102406 113.919998 19.610001 9.900000e+02 & 1.000000e+25 & 
1956102412 113.779999 19.520000 9.940000e+02 & 1.000000e+25 & 
1956102418 113.639999 19.420000 9.980000e+02 & 1.000000e+25 & 
1956102500 113.419998 19.280001 1.000000e+03 & 1.000000e+25 & 
1956102506 111.820000 18.290001 1.008000e+03 & 1.000000e+25 & 
1956102512 109.000000 17.500000 1.000000e+25 & 1.000000e+25 & 
1956102518 107.000000 17.299999 1.000000e+25 & 1.000000e+25 & 
1956102600 106.500000 17.000000 1.000000e+25 & 1.000000e+25 & 
1956102606 106.000000 16.500000 1.000000e+25 & 1.000000e+25 & 
1956102612 105.000000 15.000000 1.000000e+25 & 1.000000e+25 & 
TRACK_ID  67 START_TIME 1956101612
POINT_NUM  7
1956101612 245.000000 17.500000 1.000000e+25 & 2.315000e+01 & 
1956101618 244.000000 17.400000 1.000000e+25 & 2.315000e+01 & 
1956101700 243.000000 17.299999 1.000000e+25 & 2.315000e+01 & 
1956101706 242.000000 17.110001 1.000000e+25 & 2.315000e+01 & 
1956101712 241.100006 17.000000 1.000000e+25 & 2.315000e+01 & 
1956101718 240.380005 16.910000 1.000000e+25 & 2.315000e+01 & 
1956101800 239.600006 16.900000 1.000000e+25 & 2.315000e+01 & 
TRACK_ID  65 START_TIME 1956101412
POINT_NUM  19
1956101412 280.200012 22.600000 1.000000e+25 & 1.801000e+01 & 
1956101418 280.000000 22.900000 1.000000e+25 & 2.315000e+01 & 
1956101500 279.899994 23.200001 1.000000e+25 & 2.572000e+01 & 
1956101506 279.799988 23.700001 1.000000e+25 & 2.572000e+01 & 
1956101512 279.700012 24.200001 1.000000e+25 & 2.572000e+01 & 
1956101518 279.500000 24.799999 1.000000e+25 & 2.572000e+01 & 
1956101600 279.399994 25.600000 1.000000e+25 & 2.829000e+01 & 
1956101606 279.299988 26.900000 1.000000e+25 & 2.829000e+01 & 
1956101612 279.299988 28.200001 9.990000e+02 & 2.572000e+01 & 
1956101618 279.399994 29.200001 1.000000e+25 & 2.572000e+01 & 
1956101700 279.700012 30.100000 9.970000e+02 & 2.572000e+01 & 
1956101706 280.200012 31.100000 9.960000e+02 & 2.572000e+01 & 
1956101712 281.100006 32.299999 1.000000e+25 & 2.572000e+01 & 
1956101718 282.100006 33.700001 1.000000e+25 & 2.572000e+01 & 
1956101800 283.000000 35.200001 1.000000e+25 & 2.315000e+01 & 
1956101806 284.100006 36.400002 9.990000e+02 & 2.315000e+01 & 
1956101812 285.500000 37.500000 1.000000e+25 & 2.315000e+01 & 
1956101818 288.000000 38.500000 1.000000e+25 & 2.315000e+01 & 
1956101900 292.000000 39.200001 1.000000e+25 & 2.315000e+01 & 
TRACK_ID  68 START_TIME 1956102518
POINT_NUM  18
1956102518 91.389999 6.010000 1.000000e+25 & 1.000000e+25 & 
1956102600 91.290001 6.120000 1.000000e+25 & 1.000000e+25 & 
1956102606 90.809998 6.500000 1.000000e+25 & 1.000000e+25 & 
1956102612 90.110001 7.090000 1.000000e+25 & 1.000000e+25 & 
1956102618 89.290001 7.720000 1.000000e+25 & 1.000000e+25 & 
1956102700 88.330002 8.490000 1.000000e+25 & 1.000000e+25 & 
1956102706 87.769997 9.020000 1.000000e+25 & 1.000000e+25 & 
1956102712 87.269997 9.490000 1.000000e+25 & 1.000000e+25 & 
1956102718 86.790001 9.980000 1.000000e+25 & 1.000000e+25 & 
1956102800 86.290001 10.500000 1.000000e+25 & 1.000000e+25 & 
1956102806 85.699997 11.110000 1.000000e+25 & 1.000000e+25 & 
1956102812 85.099998 11.880000 1.000000e+25 & 1.000000e+25 & 
1956102818 84.510002 12.500000 1.000000e+25 & 1.000000e+25 & 
1956102900 83.919998 13.100000 1.000000e+25 & 1.000000e+25 & 
1956102906 83.169998 13.800000 1.000000e+25 & 1.000000e+25 & 
1956102912 81.919998 14.530000 1.000000e+25 & 1.000000e+25 & 
1956102918 80.970001 15.170000 1.000000e+25 & 1.000000e+25 & 
1956103000 80.120003 15.370000 1.000000e+25 & 1.000000e+25 & 
TRACK_ID  71 START_TIME 1956111200
POINT_NUM  9
1956111200 107.599998 9.800000 1.000000e+25 & 1.000000e+25 & 
1956111206 106.779999 9.760000 1.000000e+25 & 1.000000e+25 & 
1956111212 105.900002 9.700000 1.000000e+25 & 1.000000e+25 & 
1956111218 104.910004 9.660000 1.000000e+25 & 1.000000e+25 & 
1956111300 103.900002 9.800000 1.000000e+25 & 1.000000e+25 & 
1956111306 102.919998 10.260000 1.000000e+25 & 1.000000e+25 & 
1956111312 102.000000 10.900000 1.000000e+25 & 1.000000e+25 & 
1956111318 101.169998 11.560000 1.000000e+25 & 1.000000e+25 & 
1956111400 100.400002 12.200000 1.000000e+25 & 1.000000e+25 & 
TRACK_ID  69 START_TIME 1956103100
POINT_NUM  30
1956103100 285.299988 20.000000 1.000000e+25 & 1.286000e+01 & 
1956103106 285.200012 20.400000 1.000000e+25 & 1.286000e+01 & 
1956103112 285.000000 20.799999 1.000000e+25 & 1.286000e+01 & 
1956103118 284.700012 21.900000 1.003000e+03 & 1.543000e+01 & 
1956110100 285.000000 23.000000 1.000000e+25 & 1.543000e+01 & 
1956110106 285.799988 24.200001 1.000000e+25 & 1.801000e+01 & 
1956110112 287.000000 25.700001 1.000000e+25 & 2.315000e+01 & 
1956110118 287.799988 27.200001 1.000000e+25 & 2.572000e+01 & 
1956110200 287.700012 28.500000 9.920000e+02 & 2.572000e+01 & 
1956110206 287.200012 28.400000 1.000000e+25 & 2.572000e+01 & 
1956110212 287.299988 27.799999 1.000000e+25 & 2.572000e+01 & 
1956110218 287.500000 27.299999 1.000000e+25 & 2.829000e+01 & 
1956110300 287.700012 27.000000 1.000000e+25 & 2.829000e+01 & 
1956110306 287.799988 26.500000 1.000000e+25 & 3.087000e+01 & 
1956110312 287.899994 25.700001 9.820000e+02 & 3.087000e+01 & 
1956110318 288.399994 24.600000 1.000000e+25 & 3.087000e+01 & 
1956110400 289.299988 23.799999 1.000000e+25 & 3.344000e+01 & 
1956110406 290.399994 23.100000 1.000000e+25 & 3.601000e+01 & 
1956110412 291.600006 22.600000 1.000000e+25 & 4.116000e+01 & 
1956110418 292.899994 22.200001 9.700000e+02 & 4.373000e+01 & 
1956110500 294.299988 22.200001 1.000000e+25 & 4.373000e+01 & 
1956110506 296.100006 23.500000 1.000000e+25 & 4.373000e+01 & 
1956110512 298.299988 25.299999 9.700000e+02 & 4.373000e+01 & 
1956110518 300.500000 27.100000 1.000000e+25 & 4.373000e+01 & 
1956110600 302.500000 28.200001 1.000000e+25 & 4.373000e+01 & 
1956110606 304.200012 29.299999 1.000000e+25 & 4.373000e+01 & 
1956110612 307.000000 30.400000 1.000000e+25 & 4.373000e+01 & 
1956110618 309.799988 31.400000 1.000000e+25 & 3.858000e+01 & 
1956110700 313.000000 32.500000 1.000000e+25 & 3.344000e+01 & 
1956110706 318.000000 33.700001 1.000000e+25 & 2.829000e+01 & 
TRACK_ID  70 START_TIME 1956110900
POINT_NUM  58
1956110900 153.300003 8.200000 1.000000e+25 & 1.000000e+25 & 
1956110906 153.070007 8.620000 1.005000e+03 & 1.000000e+25 & 
1956110912 152.869995 9.270000 1.005000e+03 & 1.000000e+25 & 
1956110918 152.550003 9.900000 1.005000e+03 & 1.000000e+25 & 
1956111000 152.270004 10.600000 1.004000e+03 & 1.000000e+25 & 
1956111006 151.690002 10.790000 1.004000e+03 & 1.000000e+25 & 
1956111012 151.250000 10.780000 1.004000e+03 & 1.000000e+25 & 
1956111018 150.750000 10.740000 1.004000e+03 & 1.000000e+25 & 
1956111100 150.220001 10.700000 1.003000e+03 & 1.000000e+25 & 
1956111106 149.089996 10.710000 1.003000e+03 & 1.000000e+25 & 
1956111112 147.899994 10.830000 1.003000e+03 & 1.000000e+25 & 
1956111118 146.520004 10.940000 1.003000e+03 & 1.000000e+25 & 
1956111200 145.399994 11.450000 1.002000e+03 & 1.000000e+25 & 
1956111206 144.169998 11.970000 1.001000e+03 & 1.000000e+25 & 
1956111212 143.000000 12.470000 1.001000e+03 & 1.000000e+25 & 
1956111218 141.639999 13.000000 1.001000e+03 & 1.000000e+25 & 
1956111300 140.229996 13.630000 1.001000e+03 & 1.000000e+25 & 
1956111306 138.820007 14.340000 9.950000e+02 & 1.000000e+25 & 
1956111312 136.619995 14.800000 9.920000e+02 & 1.000000e+25 & 
1956111318 134.279999 14.850000 9.920000e+02 & 1.000000e+25 & 
1956111400 131.960007 14.930000 9.900000e+02 & 1.000000e+25 & 
1956111406 129.759995 15.840000 9.900000e+02 & 1.000000e+25 & 
1956111412 127.550003 16.469999 9.850000e+02 & 1.000000e+25 & 
1956111418 125.480003 16.440001 9.850000e+02 & 1.000000e+25 & 
1956111500 124.029999 16.049999 9.800000e+02 & 1.000000e+25 & 
1956111506 122.989998 16.240000 9.750000e+02 & 1.000000e+25 & 
1956111512 121.830002 16.350000 9.800000e+02 & 1.000000e+25 & 
1956111518 120.790001 15.790000 9.850000e+02 & 1.000000e+25 & 
1956111600 120.099998 14.900000 9.900000e+02 & 1.000000e+25 & 
1956111606 119.500000 14.460000 9.900000e+02 & 1.000000e+25 & 
1956111612 118.970001 14.030000 9.900000e+02 & 1.000000e+25 & 
1956111618 118.320000 13.570000 9.900000e+02 & 1.000000e+25 & 
1956111700 117.870003 13.300000 9.900000e+02 & 1.000000e+25 & 
1956111706 117.480003 13.180000 9.900000e+02 & 1.000000e+25 & 
1956111712 117.230003 12.970000 9.900000e+02 & 1.000000e+25 & 
1956111718 116.970001 12.890000 9.900000e+02 & 1.000000e+25 & 
1956111800 116.650002 12.880000 9.950000e+02 & 1.000000e+25 & 
1956111806 116.400002 13.130000 1.000000e+03 & 1.000000e+25 & 
1956111812 116.080002 13.330000 1.002000e+03 & 1.000000e+25 & 
1956111818 115.870003 13.690000 1.002000e+03 & 1.000000e+25 & 
1956111900 115.470001 13.970000 1.004000e+03 & 1.000000e+25 & 
1956111906 115.010002 14.250000 1.004000e+03 & 1.000000e+25 & 
1956111912 114.580002 14.320000 1.004000e+03 & 1.000000e+25 & 
1956111918 113.860001 14.270000 1.004000e+03 & 1.000000e+25 & 
1956112000 113.279999 14.120000 1.004000e+03 & 1.000000e+25 & 
1956112006 112.820000 14.140000 1.004000e+03 & 1.000000e+25 & 
1956112012 112.370003 14.150000 1.004000e+03 & 1.000000e+25 & 
1956112018 112.669998 14.120000 1.004000e+03 & 1.000000e+25 & 
1956112100 113.199997 14.230000 1.004000e+03 & 1.000000e+25 & 
1956112106 113.809998 14.510000 1.004000e+03 & 1.000000e+25 & 
1956112112 114.349998 14.800000 1.004000e+03 & 1.000000e+25 & 
1956112118 114.750000 14.750000 1.006000e+03 & 1.000000e+25 & 
1956112200 114.949997 14.650000 1.006000e+03 & 1.000000e+25 & 
1956112206 114.949997 14.400000 1.006000e+03 & 1.000000e+25 & 
1956112212 114.889999 14.090000 1.006000e+03 & 1.000000e+25 & 
1956112218 114.680000 13.160000 1.006000e+03 & 1.000000e+25 & 
1956112300 114.500000 12.000000 1.000000e+25 & 1.000000e+25 & 
1956112306 114.500000 11.200000 1.000000e+25 & 1.000000e+25 & 
TRACK_ID  73 START_TIME 1956111818
POINT_NUM  6
1956111818 84.500000 8.700000 1.000000e+25 & 1.000000e+25 & 
1956111900 84.300003 8.700000 1.000000e+25 & 1.000000e+25 & 
1956111906 83.389999 9.010000 1.000000e+25 & 1.000000e+25 & 
1956111912 82.129997 9.430000 1.000000e+25 & 1.000000e+25 & 
1956111918 81.120003 10.030000 1.000000e+25 & 1.000000e+25 & 
1956112000 80.230003 10.810000 1.000000e+25 & 1.000000e+25 & 
TRACK_ID  74 START_TIME 1956111900
POINT_NUM  13
1956111900 135.000000 16.700001 1.000000e+25 & 1.000000e+25 & 
1956111906 134.100006 17.900000 1.000000e+25 & 1.000000e+25 & 
1956111912 133.199997 18.600000 1.000000e+25 & 1.000000e+25 & 
1956111918 132.199997 19.000000 1.000000e+25 & 1.000000e+25 & 
1956112000 131.600006 19.299999 1.000000e+25 & 1.000000e+25 & 
1956112006 131.000000 19.700001 1.000000e+25 & 1.000000e+25 & 
1956112012 130.600006 19.900000 1.000000e+25 & 1.000000e+25 & 
1956112018 130.300003 20.200001 1.000000e+25 & 1.000000e+25 & 
1956112100 130.100006 20.600000 1.000000e+25 & 1.000000e+25 & 
1956112106 129.800003 21.200001 1.000000e+25 & 1.000000e+25 & 
1956112112 129.699997 21.700001 1.000000e+25 & 1.000000e+25 & 
1956112118 131.000000 22.500000 1.000000e+25 & 1.000000e+25 & 
1956112200 133.000000 23.000000 1.000000e+25 & 1.000000e+25 & 
TRACK_ID  75 START_TIME 1956111900
POINT_NUM  11
1956111900 313.000000 25.000000 1.000000e+25 & 1.286000e+01 & 
1956111906 312.700012 25.000000 1.000000e+25 & 1.543000e+01 & 
1956111912 312.200012 25.000000 1.000000e+25 & 1.801000e+01 & 
1956111918 311.700012 25.100000 1.000000e+25 & 2.058000e+01 & 
1956112000 311.299988 25.299999 1.000000e+25 & 2.058000e+01 & 
1956112006 310.899994 25.500000 1.000000e+25 & 2.058000e+01 & 
1956112012 311.000000 25.600000 1.000000e+25 & 2.058000e+01 & 
1956112018 311.299988 25.299999 1.000000e+25 & 2.058000e+01 & 
1956112100 311.000000 25.000000 1.000000e+25 & 1.801000e+01 & 
1956112106 310.299988 25.100000 1.000000e+25 & 1.801000e+01 & 
1956112112 309.500000 25.500000 1.000000e+25 & 1.543000e+01 & 
TRACK_ID  72 START_TIME 1956111600
POINT_NUM  3
1956111600 124.000000 18.000000 9.950000e+02 & 1.000000e+25 & 
1956111606 123.400002 18.200001 9.950000e+02 & 1.000000e+25 & 
1956111612 123.199997 18.000000 1.002000e+03 & 1.000000e+25 & 
TRACK_ID  76 START_TIME 1956112218
POINT_NUM  13
1956112218 129.000000 14.400000 1.000000e+25 & 1.000000e+25 & 
1956112300 128.000000 14.600000 1.000000e+25 & 1.000000e+25 & 
1956112306 127.000000 15.000000 1.000000e+25 & 1.000000e+25 & 
1956112312 126.599998 15.700000 1.000000e+25 & 1.000000e+25 & 
1956112318 126.540001 16.500000 1.004000e+03 & 1.000000e+25 & 
1956112400 126.400002 17.320000 1.000000e+03 & 1.000000e+25 & 
1956112406 126.720001 17.520000 9.980000e+02 & 1.000000e+25 & 
1956112412 127.160004 17.400000 9.950000e+02 & 1.000000e+25 & 
1956112418 127.589996 18.030001 9.900000e+02 & 1.000000e+25 & 
1956112500 127.449997 18.570000 9.900000e+02 & 1.000000e+25 & 
1956112506 127.120003 18.120001 9.920000e+02 & 1.000000e+25 & 
1956112512 126.800003 17.549999 9.920000e+02 & 1.000000e+25 & 
1956112518 126.599998 17.000000 9.920000e+02 & 1.000000e+25 & 
TRACK_ID  77 START_TIME 1956112406
POINT_NUM  24
1956112406 136.000000 9.000000 1.000000e+25 & 1.000000e+25 & 
1956112412 135.300003 9.700000 1.000000e+25 & 1.000000e+25 & 
1956112418 134.559998 10.150000 1.000000e+25 & 1.000000e+25 & 
1956112500 134.000000 10.900000 1.000000e+25 & 1.000000e+25 & 
1956112506 133.020004 11.590000 1.000000e+25 & 1.000000e+25 & 
1956112512 131.910004 12.440000 1.000000e+25 & 1.000000e+25 & 
1956112518 130.660004 13.460000 1.000000e+25 & 1.000000e+25 & 
1956112600 129.619995 14.060000 1.004000e+03 & 1.000000e+25 & 
1956112606 128.649994 14.220000 9.960000e+02 & 1.000000e+25 & 
1956112612 127.900002 14.240000 9.940000e+02 & 1.000000e+25 & 
1956112618 127.300003 14.050000 9.940000e+02 & 1.000000e+25 & 
1956112700 126.599998 14.000000 9.920000e+02 & 1.000000e+25 & 
1956112706 126.110001 13.960000 9.900000e+02 & 1.000000e+25 & 
1956112712 125.300003 14.080000 9.900000e+02 & 1.000000e+25 & 
1956112718 124.769997 14.180000 9.900000e+02 & 1.000000e+25 & 
1956112800 124.040001 14.260000 9.900000e+02 & 1.000000e+25 & 
1956112806 123.320000 14.410000 9.900000e+02 & 1.000000e+25 & 
1956112812 122.379997 14.940000 9.900000e+02 & 1.000000e+25 & 
1956112818 121.690002 15.640000 9.900000e+02 & 1.000000e+25 & 
1956112900 120.639999 16.120001 1.000000e+03 & 1.000000e+25 & 
1956112906 119.669998 16.370001 9.960000e+02 & 1.000000e+25 & 
1956112912 118.750000 16.280001 9.960000e+02 & 1.000000e+25 & 
1956112918 118.269997 16.180000 1.000000e+03 & 1.000000e+25 & 
1956113000 118.300003 16.700001 1.006000e+03 & 1.000000e+25 & 
TRACK_ID  78 START_TIME 1956120706
POINT_NUM  14
1956120706 128.350006 13.600000 1.002000e+03 & 1.000000e+25 & 
1956120712 127.650002 14.140000 1.002000e+03 & 1.000000e+25 & 
1956120718 127.050003 14.410000 1.002000e+03 & 1.000000e+25 & 
1956120800 126.440002 14.480000 1.002000e+03 & 1.000000e+25 & 
1956120806 125.900002 14.320000 9.950000e+02 & 1.000000e+25 & 
1956120812 125.400002 14.060000 9.880000e+02 & 1.000000e+25 & 
1956120818 124.849998 13.830000 9.880000e+02 & 1.000000e+25 & 
1956120900 124.239998 13.640000 9.850000e+02 & 1.000000e+25 & 
1956120906 123.680000 13.710000 9.800000e+02 & 1.000000e+25 & 
1956120912 122.940002 13.820000 9.850000e+02 & 1.000000e+25 & 
1956120918 122.230003 13.770000 9.900000e+02 & 1.000000e+25 & 
1956121000 121.550003 13.600000 9.950000e+02 & 1.000000e+25 & 
1956121006 120.879997 13.500000 1.000000e+03 & 1.000000e+25 & 
1956121012 120.099998 13.350000 1.005000e+03 & 1.000000e+25 & 
