0
0 0
TRACK_NUM        45 ADD_FLD    1   1 &0
TRACK_ID  1 START_TIME 1946030100
POINT_NUM  13
1946030100 143.800003 7.200000 1.000000e+25 & 1.000000e+25 & 
1946030106 141.250000 7.040000 1.000000e+25 & 1.000000e+25 & 
1946030112 139.000000 6.900000 1.000000e+25 & 1.000000e+25 & 
1946030118 137.199997 6.820000 1.000000e+25 & 1.000000e+25 & 
1946030200 135.500000 6.800000 1.000000e+25 & 1.000000e+25 & 
1946030206 133.449997 6.750000 1.000000e+25 & 1.000000e+25 & 
1946030212 131.399994 6.900000 1.000000e+25 & 1.000000e+25 & 
1946030218 129.440002 7.430000 1.000000e+25 & 1.000000e+25 & 
1946030300 127.900002 8.100000 1.000000e+25 & 1.000000e+25 & 
1946030306 127.029999 8.590000 1.000000e+25 & 1.000000e+25 & 
1946030312 126.599998 9.200000 1.000000e+25 & 1.000000e+25 & 
1946030318 126.290001 10.110000 1.000000e+25 & 1.000000e+25 & 
1946030400 126.000000 11.200000 1.000000e+25 & 1.000000e+25 & 
TRACK_ID  2 START_TIME 1946032700
POINT_NUM  45
1946032700 153.300003 12.000000 1.000000e+25 & 1.000000e+25 & 
1946032706 152.529999 12.450000 1.000000e+25 & 1.000000e+25 & 
1946032712 152.000000 12.500000 1.000000e+25 & 1.000000e+25 & 
1946032718 151.500000 12.520000 1.000000e+25 & 1.000000e+25 & 
1946032800 151.100006 12.600000 1.000000e+25 & 1.000000e+25 & 
1946032806 150.610001 12.700000 1.000000e+25 & 1.000000e+25 & 
1946032812 150.199997 12.800000 1.000000e+25 & 1.000000e+25 & 
1946032818 149.910004 12.890000 1.000000e+25 & 1.000000e+25 & 
1946032900 149.500000 12.700000 1.000000e+25 & 1.000000e+25 & 
1946032906 148.740005 11.460000 1.000000e+25 & 1.000000e+25 & 
1946032912 147.300003 11.300000 1.000000e+25 & 1.000000e+25 & 
1946032918 145.720001 11.740000 1.000000e+25 & 1.000000e+25 & 
1946033000 144.199997 12.100000 1.000000e+25 & 1.000000e+25 & 
1946033006 143.000000 12.410000 1.000000e+25 & 1.000000e+25 & 
1946033012 141.899994 12.800000 1.000000e+25 & 1.000000e+25 & 
1946033018 140.440002 13.200000 1.000000e+25 & 1.000000e+25 & 
1946033100 139.199997 13.600000 1.000000e+25 & 1.000000e+25 & 
1946033106 138.089996 13.990000 1.000000e+25 & 1.000000e+25 & 
1946033112 137.000000 14.300000 1.000000e+25 & 1.000000e+25 & 
1946033118 135.899994 14.610000 1.000000e+25 & 1.000000e+25 & 
1946040100 134.800003 14.900000 1.000000e+25 & 1.000000e+25 & 
1946040106 133.610001 15.100000 1.000000e+25 & 1.000000e+25 & 
1946040112 132.399994 15.300000 1.000000e+25 & 1.000000e+25 & 
1946040118 131.179993 15.500000 1.000000e+25 & 1.000000e+25 & 
1946040200 129.899994 15.700000 1.000000e+25 & 1.000000e+25 & 
1946040206 128.800003 15.890000 1.000000e+25 & 1.000000e+25 & 
1946040212 127.800003 16.000000 1.000000e+25 & 1.000000e+25 & 
1946040218 126.809998 16.190001 1.000000e+25 & 1.000000e+25 & 
1946040300 125.900002 16.299999 1.000000e+25 & 1.000000e+25 & 
1946040306 125.010002 16.400000 1.000000e+25 & 1.000000e+25 & 
1946040312 124.199997 16.500000 1.000000e+25 & 1.000000e+25 & 
1946040318 123.309998 16.590000 1.000000e+25 & 1.000000e+25 & 
1946040400 122.500000 16.799999 1.000000e+25 & 1.000000e+25 & 
1946040406 121.529999 17.379999 1.000000e+25 & 1.000000e+25 & 
1946040412 120.900002 18.100000 1.000000e+25 & 1.000000e+25 & 
1946040418 120.360001 19.059999 1.000000e+25 & 1.000000e+25 & 
1946040500 120.099998 20.000000 1.000000e+25 & 1.000000e+25 & 
1946040506 120.930000 21.450001 1.000000e+25 & 1.000000e+25 & 
1946040512 121.800003 22.500000 1.000000e+25 & 1.000000e+25 & 
1946040518 122.980003 23.389999 1.000000e+25 & 1.000000e+25 & 
1946040600 124.000000 24.000000 1.000000e+25 & 1.000000e+25 & 
1946040606 125.800003 24.000000 1.000000e+25 & 1.000000e+25 & 
1946040612 127.699997 23.000000 1.000000e+25 & 1.000000e+25 & 
1946040618 130.500000 23.500000 1.000000e+25 & 1.000000e+25 & 
1946040700 132.000000 23.799999 1.000000e+25 & 1.000000e+25 & 
TRACK_ID  3 START_TIME 1946051100
POINT_NUM  25
1946051100 142.500000 11.400000 1.000000e+25 & 1.000000e+25 & 
1946051106 142.110001 11.590000 1.000000e+25 & 1.000000e+25 & 
1946051112 141.899994 11.800000 1.000000e+25 & 1.000000e+25 & 
1946051118 141.800003 12.030000 1.000000e+25 & 1.000000e+25 & 
1946051200 141.800003 12.400000 1.000000e+25 & 1.000000e+25 & 
1946051206 141.800003 12.600000 1.000000e+25 & 1.000000e+25 & 
1946051212 141.800003 12.800000 1.000000e+25 & 1.000000e+25 & 
1946051218 141.789993 13.010000 1.000000e+25 & 1.000000e+25 & 
1946051300 141.699997 13.300000 1.000000e+25 & 1.000000e+25 & 
1946051306 141.669998 13.590000 1.000000e+25 & 1.000000e+25 & 
1946051312 141.399994 13.800000 1.000000e+25 & 1.000000e+25 & 
1946051318 141.130005 14.000000 1.000000e+25 & 1.000000e+25 & 
1946051400 140.800003 14.300000 1.000000e+25 & 1.000000e+25 & 
1946051406 139.839996 14.700000 1.000000e+25 & 1.000000e+25 & 
1946051412 139.000000 15.200000 1.000000e+25 & 1.000000e+25 & 
1946051418 138.229996 15.690000 1.000000e+25 & 1.000000e+25 & 
1946051500 137.800003 16.200001 1.000000e+25 & 1.000000e+25 & 
1946051506 137.229996 16.980000 1.000000e+25 & 1.000000e+25 & 
1946051512 137.000000 17.700001 1.000000e+25 & 1.000000e+25 & 
1946051518 136.789993 18.299999 1.000000e+25 & 1.000000e+25 & 
1946051600 136.699997 19.000000 1.000000e+25 & 1.000000e+25 & 
1946051606 136.729996 20.270000 1.000000e+25 & 1.000000e+25 & 
1946051612 137.100006 21.400000 1.000000e+25 & 1.000000e+25 & 
1946051618 137.500000 22.230000 1.000000e+25 & 1.000000e+25 & 
1946051700 138.000000 23.000000 1.000000e+25 & 1.000000e+25 & 
TRACK_ID  4 START_TIME 1946060118
POINT_NUM  18
1946060118 71.300003 10.900000 1.000000e+25 & 1.000000e+25 & 
1946060200 71.199997 11.100000 1.000000e+25 & 1.000000e+25 & 
1946060206 70.790001 11.800000 1.000000e+25 & 1.000000e+25 & 
1946060212 70.199997 12.590000 1.000000e+25 & 1.000000e+25 & 
1946060218 69.599998 13.410000 1.000000e+25 & 1.000000e+25 & 
1946060300 68.910004 14.300000 1.000000e+25 & 1.000000e+25 & 
1946060306 68.290001 15.000000 1.000000e+25 & 1.000000e+25 & 
1946060312 67.610001 15.510000 1.000000e+25 & 1.000000e+25 & 
1946060318 67.000000 16.100000 1.000000e+25 & 1.000000e+25 & 
1946060400 66.320000 16.700001 1.000000e+25 & 1.000000e+25 & 
1946060406 65.580002 17.290001 1.000000e+25 & 1.000000e+25 & 
1946060412 64.510002 17.790001 1.000000e+25 & 1.000000e+25 & 
1946060418 63.490002 18.200001 1.000000e+25 & 1.000000e+25 & 
1946060500 62.430000 18.590000 1.000000e+25 & 1.000000e+25 & 
1946060506 61.869999 18.809999 1.000000e+25 & 1.000000e+25 & 
1946060512 61.389999 19.010000 1.000000e+25 & 1.000000e+25 & 
1946060518 61.000000 19.190001 1.000000e+25 & 1.000000e+25 & 
1946060600 60.520000 19.309999 1.000000e+25 & 1.000000e+25 & 
TRACK_ID  5 START_TIME 1946061312
POINT_NUM  14
1946061312 273.500000 27.500000 1.000000e+25 & 1.286000e+01 & 
1946061318 273.200012 27.799999 1.000000e+25 & 1.543000e+01 & 
1946061400 272.799988 28.100000 1.000000e+25 & 1.543000e+01 & 
1946061406 272.399994 28.400000 1.000000e+25 & 1.801000e+01 & 
1946061412 272.000000 28.600000 1.000000e+25 & 1.801000e+01 & 
1946061418 271.299988 28.700001 1.000000e+25 & 1.801000e+01 & 
1946061500 270.500000 28.700001 1.000000e+25 & 1.801000e+01 & 
1946061506 269.700012 28.799999 1.000000e+25 & 1.801000e+01 & 
1946061512 269.000000 28.799999 1.000000e+25 & 1.801000e+01 & 
1946061518 268.299988 28.900000 1.000000e+25 & 1.801000e+01 & 
1946061600 267.600006 29.100000 1.000000e+25 & 1.543000e+01 & 
1946061606 266.899994 29.400000 1.000000e+25 & 1.543000e+01 & 
1946061612 266.200012 29.700001 1.000000e+25 & 1.286000e+01 & 
1946061618 265.200012 30.100000 1.000000e+25 & 1.029000e+01 & 
TRACK_ID  6 START_TIME 1946061700
POINT_NUM  28
1946061700 132.800003 7.300000 1.000000e+25 & 1.000000e+25 & 
1946061706 132.179993 8.290000 1.000000e+25 & 1.000000e+25 & 
1946061712 131.699997 9.300000 1.000000e+25 & 1.000000e+25 & 
1946061718 131.550003 10.360000 1.000000e+25 & 1.000000e+25 & 
1946061800 132.000000 11.800000 1.000000e+25 & 1.000000e+25 & 
1946061806 132.679993 12.920000 1.000000e+25 & 1.000000e+25 & 
1946061812 133.100006 14.100000 1.000000e+25 & 1.000000e+25 & 
1946061818 133.190002 14.990000 1.000000e+25 & 1.000000e+25 & 
1946061900 132.600006 16.000000 1.000000e+25 & 1.000000e+25 & 
1946061906 131.100006 15.960000 1.000000e+25 & 1.000000e+25 & 
1946061912 129.300003 15.500000 1.000000e+25 & 1.000000e+25 & 
1946061918 127.980003 15.690000 1.000000e+25 & 1.000000e+25 & 
1946062000 126.699997 16.100000 1.000000e+25 & 1.000000e+25 & 
1946062006 125.559998 16.629999 1.000000e+25 & 1.000000e+25 & 
1946062012 124.400002 17.500000 1.000000e+25 & 1.000000e+25 & 
1946062018 123.620003 18.559999 1.000000e+25 & 1.000000e+25 & 
1946062100 123.199997 19.400000 1.000000e+25 & 1.000000e+25 & 
1946062106 122.800003 20.110001 1.000000e+25 & 1.000000e+25 & 
1946062112 122.599998 20.900000 1.000000e+25 & 1.000000e+25 & 
1946062118 122.419998 21.830000 1.000000e+25 & 1.000000e+25 & 
1946062200 122.500000 22.900000 1.000000e+25 & 1.000000e+25 & 
1946062206 122.610001 23.510000 1.000000e+25 & 1.000000e+25 & 
1946062212 122.800003 24.100000 1.000000e+25 & 1.000000e+25 & 
1946062218 122.919998 24.719999 1.000000e+25 & 1.000000e+25 & 
1946062300 123.000000 25.600000 1.000000e+25 & 1.000000e+25 & 
1946062306 122.879997 26.660000 1.000000e+25 & 1.000000e+25 & 
1946062312 122.500000 27.500000 1.000000e+25 & 1.000000e+25 & 
1946062318 121.500000 28.400000 1.000000e+25 & 1.000000e+25 & 
TRACK_ID  8 START_TIME 1946062612
POINT_NUM  25
1946062612 143.800003 9.300000 1.000000e+25 & 1.000000e+25 & 
1946062618 143.339996 9.530000 1.000000e+25 & 1.000000e+25 & 
1946062700 142.800003 9.800000 1.000000e+25 & 1.000000e+25 & 
1946062706 142.110001 10.170000 1.000000e+25 & 1.000000e+25 & 
1946062712 141.199997 10.700000 1.000000e+25 & 1.000000e+25 & 
1946062718 139.889999 11.520000 1.000000e+25 & 1.000000e+25 & 
1946062800 138.699997 12.300000 1.000000e+25 & 1.000000e+25 & 
1946062806 138.130005 12.640000 1.000000e+25 & 1.000000e+25 & 
1946062812 137.899994 12.900000 1.000000e+25 & 1.000000e+25 & 
1946062818 137.639999 13.380000 1.000000e+25 & 1.000000e+25 & 
1946062900 137.600006 14.000000 1.000000e+25 & 1.000000e+25 & 
1946062906 137.839996 14.740000 1.000000e+25 & 1.000000e+25 & 
1946062912 138.300003 15.500000 1.000000e+25 & 1.000000e+25 & 
1946062918 138.839996 16.139999 1.000000e+25 & 1.000000e+25 & 
1946063000 139.399994 16.700001 1.000000e+25 & 1.000000e+25 & 
1946063006 140.039993 16.090000 1.000000e+25 & 1.000000e+25 & 
1946063012 140.440002 16.270000 1.000000e+25 & 1.000000e+25 & 
1946063018 140.789993 17.219999 1.000000e+25 & 1.000000e+25 & 
1946070100 141.410004 18.700001 1.000000e+25 & 1.000000e+25 & 
1946070106 142.619995 20.480000 1.000000e+25 & 1.000000e+25 & 
1946070112 144.100006 22.240000 1.000000e+25 & 1.000000e+25 & 
1946070118 145.160004 23.820000 1.000000e+25 & 1.000000e+25 & 
1946070200 145.520004 25.190001 1.000000e+25 & 1.000000e+25 & 
1946070206 145.220001 27.150000 1.000000e+25 & 1.000000e+25 & 
1946070212 145.000000 30.500000 1.000000e+25 & 1.000000e+25 & 
TRACK_ID  10 START_TIME 1946070506
POINT_NUM  23
1946070506 280.700012 31.400000 1.000000e+25 & 1.543000e+01 & 
1946070512 280.799988 32.000000 1.000000e+25 & 1.543000e+01 & 
1946070518 281.100006 32.599998 1.000000e+25 & 1.801000e+01 & 
1946070600 281.399994 33.200001 1.000000e+25 & 2.058000e+01 & 
1946070606 281.700012 33.700001 1.000000e+25 & 2.315000e+01 & 
1946070612 282.000000 34.400002 1.005000e+03 & 2.315000e+01 & 
1946070618 283.000000 35.099998 1.000000e+25 & 2.315000e+01 & 
1946070700 284.399994 35.799999 1.000000e+25 & 2.315000e+01 & 
1946070706 286.399994 36.799999 1.000000e+25 & 2.829000e+01 & 
1946070712 287.899994 37.799999 1.000000e+25 & 3.344000e+01 & 
1946070718 289.399994 38.200001 1.000000e+25 & 3.601000e+01 & 
1946070800 290.899994 38.200001 1.000000e+25 & 3.601000e+01 & 
1946070806 292.399994 38.099998 1.000000e+25 & 3.601000e+01 & 
1946070812 294.000000 38.000000 1.000000e+25 & 3.601000e+01 & 
1946070818 295.799988 38.000000 1.000000e+25 & 3.601000e+01 & 
1946070900 297.799988 38.400002 1.000000e+25 & 3.344000e+01 & 
1946070906 299.799988 39.099998 1.000000e+25 & 3.087000e+01 & 
1946070912 301.500000 40.000000 1.000000e+25 & 2.829000e+01 & 
1946070918 302.799988 41.000000 1.000000e+25 & 2.572000e+01 & 
1946071000 304.000000 42.099998 1.000000e+25 & 2.315000e+01 & 
1946071006 305.000000 43.299999 1.000000e+25 & 2.058000e+01 & 
1946071012 306.000000 44.799999 1.000000e+25 & 2.058000e+01 & 
1946071018 307.000000 46.500000 1.000000e+25 & 1.801000e+01 & 
TRACK_ID  9 START_TIME 1946070118
POINT_NUM  10
1946070118 91.400002 20.000000 1.000000e+25 & 1.000000e+25 & 
1946070200 91.099998 20.100000 1.000000e+25 & 1.000000e+25 & 
1946070206 90.580002 20.200001 1.000000e+25 & 1.000000e+25 & 
1946070212 89.790001 20.320000 1.000000e+25 & 1.000000e+25 & 
1946070218 89.300003 20.400000 1.000000e+25 & 1.000000e+25 & 
1946070300 88.900002 20.410000 1.000000e+25 & 1.000000e+25 & 
1946070306 88.099998 20.690001 1.000000e+25 & 1.000000e+25 & 
1946070312 86.809998 21.180000 1.000000e+25 & 1.000000e+25 & 
1946070318 85.669998 21.620001 1.000000e+25 & 1.000000e+25 & 
1946070400 84.589996 22.090000 1.000000e+25 & 1.000000e+25 & 
TRACK_ID  11 START_TIME 1946070812
POINT_NUM  15
1946070812 136.500000 16.799999 1.000000e+25 & 1.000000e+25 & 
1946070818 136.029999 16.780001 1.000000e+25 & 1.000000e+25 & 
1946070900 135.100006 17.100000 1.000000e+25 & 1.000000e+25 & 
1946070906 133.419998 17.950001 1.000000e+25 & 1.000000e+25 & 
1946070912 131.300003 19.000000 1.000000e+25 & 1.000000e+25 & 
1946070918 129.059998 19.870001 1.000000e+25 & 1.000000e+25 & 
1946071000 127.000000 20.600000 1.000000e+25 & 1.000000e+25 & 
1946071006 125.519997 21.049999 1.000000e+25 & 1.000000e+25 & 
1946071012 124.400002 21.600000 1.000000e+25 & 1.000000e+25 & 
1946071018 123.330002 22.650000 1.000000e+25 & 1.000000e+25 & 
1946071100 122.400002 23.799999 1.000000e+25 & 1.000000e+25 & 
1946071106 121.529999 24.639999 1.000000e+25 & 1.000000e+25 & 
1946071112 120.699997 25.400000 1.000000e+25 & 1.000000e+25 & 
1946071118 119.860001 26.230000 1.000000e+25 & 1.000000e+25 & 
1946071200 119.000000 27.100000 1.000000e+25 & 1.000000e+25 & 
TRACK_ID  12 START_TIME 1946071200
POINT_NUM  33
1946071200 142.500000 12.600000 1.000000e+25 & 1.000000e+25 & 
1946071206 141.389999 12.990000 1.000000e+25 & 1.000000e+25 & 
1946071212 140.199997 13.400000 1.000000e+25 & 1.000000e+25 & 
1946071218 138.899994 14.000000 1.000000e+25 & 1.000000e+25 & 
1946071300 137.300003 14.700000 1.000000e+25 & 1.000000e+25 & 
1946071306 135.850006 15.120000 1.000000e+25 & 1.000000e+25 & 
1946071312 134.199997 15.500000 1.000000e+25 & 1.000000e+25 & 
1946071318 132.899994 15.880000 1.000000e+25 & 1.000000e+25 & 
1946071400 131.699997 16.100000 1.000000e+25 & 1.000000e+25 & 
1946071406 130.309998 16.400000 1.000000e+25 & 1.000000e+25 & 
1946071412 129.100006 16.600000 1.000000e+25 & 1.000000e+25 & 
1946071418 128.100006 16.709999 1.000000e+25 & 1.000000e+25 & 
1946071500 127.199997 16.799999 1.000000e+25 & 1.000000e+25 & 
1946071506 126.190002 16.900000 1.000000e+25 & 1.000000e+25 & 
1946071512 125.099998 17.000000 1.000000e+25 & 1.000000e+25 & 
1946071518 124.110001 17.090000 1.000000e+25 & 1.000000e+25 & 
1946071600 123.300003 17.200001 1.000000e+25 & 1.000000e+25 & 
1946071606 122.580002 17.490000 1.000000e+25 & 1.000000e+25 & 
1946071612 121.699997 17.900000 1.000000e+25 & 1.000000e+25 & 
1946071618 120.699997 18.480000 1.000000e+25 & 1.000000e+25 & 
1946071700 119.699997 19.100000 1.000000e+25 & 1.000000e+25 & 
1946071706 118.910004 19.889999 1.000000e+25 & 1.000000e+25 & 
1946071712 118.199997 20.700001 1.000000e+25 & 1.000000e+25 & 
1946071718 117.419998 21.520000 1.000000e+25 & 1.000000e+25 & 
1946071800 116.599998 22.200001 1.000000e+25 & 1.000000e+25 & 
1946071806 115.220001 22.309999 1.000000e+25 & 1.000000e+25 & 
1946071812 113.800003 22.200001 1.000000e+25 & 1.000000e+25 & 
1946071818 112.199997 22.000000 1.000000e+25 & 1.000000e+25 & 
1946071900 112.000000 22.500000 1.000000e+25 & 1.000000e+25 & 
1946071906 112.199997 24.000000 1.000000e+25 & 1.000000e+25 & 
1946071912 112.300003 25.500000 1.000000e+25 & 1.000000e+25 & 
1946071918 113.000000 26.500000 1.000000e+25 & 1.000000e+25 & 
1946072000 113.000000 27.500000 1.000000e+25 & 1.000000e+25 & 
TRACK_ID  13 START_TIME 1946071318
POINT_NUM  6
1946071318 88.199997 23.000000 1.000000e+25 & 1.000000e+25 & 
1946071400 88.099998 23.200001 1.000000e+25 & 1.000000e+25 & 
1946071406 87.610001 23.410000 1.000000e+25 & 1.000000e+25 & 
1946071412 87.089996 23.780001 1.000000e+25 & 1.000000e+25 & 
1946071418 86.519997 23.969999 1.000000e+25 & 1.000000e+25 & 
1946071500 86.029999 23.990000 1.000000e+25 & 1.000000e+25 & 
TRACK_ID  18 START_TIME 1946081000
POINT_NUM  45
1946081000 152.399994 14.600000 1.000000e+25 & 1.000000e+25 & 
1946081006 152.089996 15.400000 1.000000e+25 & 1.000000e+25 & 
1946081012 151.699997 16.299999 1.000000e+25 & 1.000000e+25 & 
1946081018 151.300003 17.299999 1.000000e+25 & 1.000000e+25 & 
1946081100 151.000000 18.299999 1.000000e+25 & 1.000000e+25 & 
1946081106 150.679993 19.090000 1.000000e+25 & 1.000000e+25 & 
1946081112 150.199997 19.600000 1.000000e+25 & 1.000000e+25 & 
1946081118 149.710007 20.000000 1.000000e+25 & 1.000000e+25 & 
1946081200 149.199997 20.299999 1.000000e+25 & 1.000000e+25 & 
1946081206 148.600006 20.510000 1.000000e+25 & 1.000000e+25 & 
1946081212 148.000000 20.700001 1.000000e+25 & 1.000000e+25 & 
1946081218 147.570007 20.790001 1.000000e+25 & 1.000000e+25 & 
1946081300 147.000000 20.900000 1.000000e+25 & 1.000000e+25 & 
1946081306 146.330002 21.120001 1.000000e+25 & 1.000000e+25 & 
1946081312 145.800003 21.600000 1.000000e+25 & 1.000000e+25 & 
1946081318 145.130005 21.980000 1.000000e+25 & 1.000000e+25 & 
1946081400 144.600006 22.500000 1.000000e+25 & 1.000000e+25 & 
1946081406 143.809998 23.459999 1.000000e+25 & 1.000000e+25 & 
1946081412 143.100006 24.799999 1.000000e+25 & 1.000000e+25 & 
1946081418 142.600006 25.580000 1.000000e+25 & 1.000000e+25 & 
1946081500 142.100006 26.100000 1.000000e+25 & 1.000000e+25 & 
1946081506 141.350006 26.809999 1.000000e+25 & 1.000000e+25 & 
1946081512 140.699997 27.500000 1.000000e+25 & 1.000000e+25 & 
1946081518 139.699997 28.010000 1.000000e+25 & 1.000000e+25 & 
1946081600 138.600006 28.500000 1.000000e+25 & 1.000000e+25 & 
1946081606 137.649994 28.900000 1.000000e+25 & 1.000000e+25 & 
1946081612 136.399994 29.200001 1.000000e+25 & 1.000000e+25 & 
1946081618 135.360001 29.340000 1.000000e+25 & 1.000000e+25 & 
1946081700 134.199997 29.600000 1.000000e+25 & 1.000000e+25 & 
1946081706 133.460007 29.690001 1.000000e+25 & 1.000000e+25 & 
1946081712 132.600006 29.700001 1.000000e+25 & 1.000000e+25 & 
1946081718 132.000000 29.690001 1.000000e+25 & 1.000000e+25 & 
1946081800 131.300003 29.799999 1.000000e+25 & 1.000000e+25 & 
1946081806 130.410004 30.400000 1.000000e+25 & 1.000000e+25 & 
1946081812 129.100006 31.100000 1.000000e+25 & 1.000000e+25 & 
1946081818 128.860001 31.490000 1.000000e+25 & 1.000000e+25 & 
1946081900 128.699997 31.799999 1.000000e+25 & 1.000000e+25 & 
1946081906 128.509995 32.290001 1.000000e+25 & 1.000000e+25 & 
1946081912 128.399994 32.799999 1.000000e+25 & 1.000000e+25 & 
1946081918 128.300003 33.310001 1.000000e+25 & 1.000000e+25 & 
1946082000 128.199997 33.900002 1.000000e+25 & 1.000000e+25 & 
1946082006 128.100006 34.799999 1.000000e+25 & 1.000000e+25 & 
1946082012 127.500000 35.500000 1.000000e+25 & 1.000000e+25 & 
1946082018 127.000000 37.000000 1.000000e+25 & 1.000000e+25 & 
1946082100 127.500000 38.200001 1.000000e+25 & 1.000000e+25 & 
TRACK_ID  15 START_TIME 1946072300
POINT_NUM  35
1946072300 147.000000 17.000000 1.000000e+25 & 1.000000e+25 & 
1946072306 146.119995 17.709999 1.000000e+25 & 1.000000e+25 & 
1946072312 145.399994 18.400000 1.000000e+25 & 1.000000e+25 & 
1946072318 144.779999 19.000000 1.000000e+25 & 1.000000e+25 & 
1946072400 144.100006 19.600000 1.000000e+25 & 1.000000e+25 & 
1946072406 143.600006 20.219999 1.000000e+25 & 1.000000e+25 & 
1946072412 143.100006 21.100000 1.000000e+25 & 1.000000e+25 & 
1946072418 142.750000 22.040001 1.000000e+25 & 1.000000e+25 & 
1946072500 142.000000 23.299999 1.000000e+25 & 1.000000e+25 & 
1946072506 141.220001 24.309999 1.000000e+25 & 1.000000e+25 & 
1946072512 140.500000 25.100000 1.000000e+25 & 1.000000e+25 & 
1946072518 139.619995 25.410000 1.000000e+25 & 1.000000e+25 & 
1946072600 138.800003 25.600000 1.000000e+25 & 1.000000e+25 & 
1946072606 138.000000 25.879999 1.000000e+25 & 1.000000e+25 & 
1946072612 137.100006 26.000000 1.000000e+25 & 1.000000e+25 & 
1946072618 135.830002 26.200001 1.000000e+25 & 1.000000e+25 & 
1946072700 134.699997 26.400000 1.000000e+25 & 1.000000e+25 & 
1946072706 133.779999 26.770000 1.000000e+25 & 1.000000e+25 & 
1946072712 132.800003 27.000000 1.000000e+25 & 1.000000e+25 & 
1946072718 131.699997 27.299999 1.000000e+25 & 1.000000e+25 & 
1946072800 130.800003 27.799999 1.000000e+25 & 1.000000e+25 & 
1946072806 130.039993 28.879999 1.000000e+25 & 1.000000e+25 & 
1946072812 130.000000 30.000000 1.000000e+25 & 1.000000e+25 & 
1946072818 130.710007 30.980000 1.000000e+25 & 1.000000e+25 & 
1946072900 131.199997 31.799999 1.000000e+25 & 1.000000e+25 & 
1946072906 132.009995 32.830002 1.000000e+25 & 1.000000e+25 & 
1946072912 132.800003 33.900002 1.000000e+25 & 1.000000e+25 & 
1946072918 133.119995 34.349998 1.000000e+25 & 1.000000e+25 & 
1946073000 133.300003 35.000000 1.000000e+25 & 1.000000e+25 & 
1946073006 133.300003 36.799999 1.000000e+25 & 1.000000e+25 & 
1946073012 134.000000 37.200001 1.000000e+25 & 1.000000e+25 & 
1946073018 134.000000 38.000000 1.000000e+25 & 1.000000e+25 & 
1946073100 134.000000 39.700001 1.000000e+25 & 1.000000e+25 & 
1946073106 133.500000 41.000000 1.000000e+25 & 1.000000e+25 & 
1946073112 133.000000 42.000000 1.000000e+25 & 1.000000e+25 & 
TRACK_ID  14 START_TIME 1946071918
POINT_NUM  18
1946071918 86.900002 16.799999 1.000000e+25 & 1.000000e+25 & 
1946072000 87.000000 17.100000 1.000000e+25 & 1.000000e+25 & 
1946072006 87.000000 17.400000 1.000000e+25 & 1.000000e+25 & 
1946072012 87.000000 17.709999 1.000000e+25 & 1.000000e+25 & 
1946072018 87.000000 18.090000 1.000000e+25 & 1.000000e+25 & 
1946072100 87.000000 18.389999 1.000000e+25 & 1.000000e+25 & 
1946072106 87.010002 18.600000 1.000000e+25 & 1.000000e+25 & 
1946072112 87.120003 18.709999 1.000000e+25 & 1.000000e+25 & 
1946072118 87.209999 18.879999 1.000000e+25 & 1.000000e+25 & 
1946072200 87.290001 18.990000 1.000000e+25 & 1.000000e+25 & 
1946072206 87.320000 19.290001 1.000000e+25 & 1.000000e+25 & 
1946072212 87.500000 19.780001 1.000000e+25 & 1.000000e+25 & 
1946072218 87.489998 20.209999 1.000000e+25 & 1.000000e+25 & 
1946072300 87.279999 20.700001 1.000000e+25 & 1.000000e+25 & 
1946072306 86.910004 21.090000 1.000000e+25 & 1.000000e+25 & 
1946072312 86.589996 21.389999 1.000000e+25 & 1.000000e+25 & 
1946072318 86.209999 21.600000 1.000000e+25 & 1.000000e+25 & 
1946072400 85.919998 21.799999 1.000000e+25 & 1.000000e+25 & 
TRACK_ID  16 START_TIME 1946073118
POINT_NUM  18
1946073118 88.419998 20.420000 1.000000e+25 & 1.000000e+25 & 
1946080100 88.290001 20.690001 1.000000e+25 & 1.000000e+25 & 
1946080106 88.099998 20.900000 1.000000e+25 & 1.000000e+25 & 
1946080112 87.900002 21.100000 1.000000e+25 & 1.000000e+25 & 
1946080118 87.720001 21.290001 1.000000e+25 & 1.000000e+25 & 
1946080200 87.540001 21.500000 1.000000e+25 & 1.000000e+25 & 
1946080206 87.080002 21.930000 1.000000e+25 & 1.000000e+25 & 
1946080212 86.089996 22.690001 1.000000e+25 & 1.000000e+25 & 
1946080218 85.000000 23.219999 1.000000e+25 & 1.000000e+25 & 
1946080300 83.910004 23.700001 1.000000e+25 & 1.000000e+25 & 
1946080306 82.599998 24.100000 1.000000e+25 & 1.000000e+25 & 
1946080312 81.019997 24.400000 1.000000e+25 & 1.000000e+25 & 
1946080318 79.610001 24.590000 1.000000e+25 & 1.000000e+25 & 
1946080400 78.379997 24.690001 1.000000e+25 & 1.000000e+25 & 
1946080406 77.000000 24.709999 1.000000e+25 & 1.000000e+25 & 
1946080412 75.510002 24.790001 1.000000e+25 & 1.000000e+25 & 
1946080418 74.089996 24.809999 1.000000e+25 & 1.000000e+25 & 
1946080500 72.690002 24.889999 1.000000e+25 & 1.000000e+25 & 
TRACK_ID  17 START_TIME 1946080418
POINT_NUM  18
1946080418 90.099998 19.700001 1.000000e+25 & 1.000000e+25 & 
1946080500 89.699997 20.100000 1.000000e+25 & 1.000000e+25 & 
1946080506 89.300003 20.500000 1.000000e+25 & 1.000000e+25 & 
1946080512 88.980003 20.910000 1.000000e+25 & 1.000000e+25 & 
1946080518 88.629997 21.280001 1.000000e+25 & 1.000000e+25 & 
1946080600 88.320000 21.500000 1.000000e+25 & 1.000000e+25 & 
1946080606 87.470001 22.000000 1.000000e+25 & 1.000000e+25 & 
1946080612 85.709999 22.700001 1.000000e+25 & 1.000000e+25 & 
1946080618 83.800003 23.200001 1.000000e+25 & 1.000000e+25 & 
1946080700 81.809998 23.410000 1.000000e+25 & 1.000000e+25 & 
1946080706 80.389999 23.590000 1.000000e+25 & 1.000000e+25 & 
1946080712 79.580002 23.700001 1.000000e+25 & 1.000000e+25 & 
1946080718 78.800003 24.000000 1.000000e+25 & 1.000000e+25 & 
1946080800 78.110001 24.490000 1.000000e+25 & 1.000000e+25 & 
1946080806 77.790001 24.900000 1.000000e+25 & 1.000000e+25 & 
1946080812 77.790001 25.209999 1.000000e+25 & 1.000000e+25 & 
1946080818 77.809998 25.590000 1.000000e+25 & 1.000000e+25 & 
1946080900 77.809998 25.910000 1.000000e+25 & 1.000000e+25 & 
TRACK_ID  19 START_TIME 1946081618
POINT_NUM  10
1946081618 90.599998 19.900000 1.000000e+25 & 1.000000e+25 & 
1946081700 90.099998 19.900000 1.000000e+25 & 1.000000e+25 & 
1946081706 89.690002 19.900000 1.000000e+25 & 1.000000e+25 & 
1946081712 89.180000 19.900000 1.000000e+25 & 1.000000e+25 & 
1946081718 88.699997 19.900000 1.000000e+25 & 1.000000e+25 & 
1946081800 88.220001 19.900000 1.000000e+25 & 1.000000e+25 & 
1946081806 87.680000 19.889999 1.000000e+25 & 1.000000e+25 & 
1946081812 86.889999 19.980000 1.000000e+25 & 1.000000e+25 & 
1946081818 86.190002 20.330000 1.000000e+25 & 1.000000e+25 & 
1946081900 85.620003 21.120001 1.000000e+25 & 1.000000e+25 & 
TRACK_ID  20 START_TIME 1946082200
POINT_NUM  21
1946082200 129.899994 17.900000 1.000000e+25 & 1.000000e+25 & 
1946082206 129.619995 18.420000 1.000000e+25 & 1.000000e+25 & 
1946082212 129.399994 19.000000 1.000000e+25 & 1.000000e+25 & 
1946082218 129.250000 19.480000 1.000000e+25 & 1.000000e+25 & 
1946082300 129.300003 20.000000 1.000000e+25 & 1.000000e+25 & 
1946082306 130.399994 21.209999 1.000000e+25 & 1.000000e+25 & 
1946082312 132.000000 21.900000 1.000000e+25 & 1.000000e+25 & 
1946082318 133.500000 22.580000 1.000000e+25 & 1.000000e+25 & 
1946082400 135.000000 23.000000 1.000000e+25 & 1.000000e+25 & 
1946082406 136.419998 23.410000 1.000000e+25 & 1.000000e+25 & 
1946082412 137.899994 23.900000 1.000000e+25 & 1.000000e+25 & 
1946082418 139.369995 24.379999 1.000000e+25 & 1.000000e+25 & 
1946082500 140.600006 24.900000 1.000000e+25 & 1.000000e+25 & 
1946082506 141.899994 25.690001 1.000000e+25 & 1.000000e+25 & 
1946082512 143.000000 26.600000 1.000000e+25 & 1.000000e+25 & 
1946082518 143.789993 27.719999 1.000000e+25 & 1.000000e+25 & 
1946082600 144.199997 29.000000 1.000000e+25 & 1.000000e+25 & 
1946082606 144.309998 30.010000 1.000000e+25 & 1.000000e+25 & 
1946082612 144.300003 31.000000 1.000000e+25 & 1.000000e+25 & 
1946082618 144.210007 32.000000 1.000000e+25 & 1.000000e+25 & 
1946082700 144.199997 33.000000 1.000000e+25 & 1.000000e+25 & 
TRACK_ID  21 START_TIME 1946082500
POINT_NUM  5
1946082500 266.000000 21.000000 1.000000e+25 & 1.801000e+01 & 
1946082506 265.200012 21.200001 1.000000e+25 & 1.801000e+01 & 
1946082512 264.000000 21.500000 1.000000e+25 & 1.801000e+01 & 
1946082518 262.399994 22.000000 1.000000e+25 & 1.801000e+01 & 
1946082600 260.500000 22.500000 1.000000e+25 & 1.543000e+01 & 
TRACK_ID  22 START_TIME 1946082812
POINT_NUM  7
1946082812 115.699997 18.600000 1.000000e+25 & 1.000000e+25 & 
1946082818 114.529999 19.730000 1.000000e+25 & 1.000000e+25 & 
1946082900 113.500000 20.500000 1.000000e+25 & 1.000000e+25 & 
1946082906 112.699997 20.700001 1.000000e+25 & 1.000000e+25 & 
1946082912 112.000000 20.600000 1.000000e+25 & 1.000000e+25 & 
1946082918 111.230003 20.530001 1.000000e+25 & 1.000000e+25 & 
1946083000 110.400002 20.500000 1.000000e+25 & 1.000000e+25 & 
TRACK_ID  26 START_TIME 1946090800
POINT_NUM  48
1946090800 164.899994 11.200000 1.000000e+25 & 1.000000e+25 & 
1946090806 163.050003 11.700000 1.000000e+25 & 1.000000e+25 & 
1946090812 161.399994 12.300000 1.000000e+25 & 1.000000e+25 & 
1946090818 159.559998 13.090000 1.000000e+25 & 1.000000e+25 & 
1946090900 157.800003 13.800000 1.000000e+25 & 1.000000e+25 & 
1946090906 156.970001 14.310000 1.000000e+25 & 1.000000e+25 & 
1946090912 156.199997 14.900000 1.000000e+25 & 1.000000e+25 & 
1946090918 155.300003 15.700000 1.000000e+25 & 1.000000e+25 & 
1946091000 154.699997 16.500000 1.000000e+25 & 1.000000e+25 & 
1946091006 153.809998 17.330000 1.000000e+25 & 1.000000e+25 & 
1946091012 153.000000 18.299999 1.000000e+25 & 1.000000e+25 & 
1946091018 152.500000 19.180000 1.000000e+25 & 1.000000e+25 & 
1946091100 152.199997 19.799999 1.000000e+25 & 1.000000e+25 & 
1946091106 151.970001 20.309999 1.000000e+25 & 1.000000e+25 & 
1946091112 151.699997 20.799999 1.000000e+25 & 1.000000e+25 & 
1946091118 151.600006 21.469999 1.000000e+25 & 1.000000e+25 & 
1946091200 151.600006 22.000000 1.000000e+25 & 1.000000e+25 & 
1946091206 151.710007 22.610001 1.000000e+25 & 1.000000e+25 & 
1946091212 152.000000 23.200001 1.000000e+25 & 1.000000e+25 & 
1946091218 152.309998 23.610001 1.000000e+25 & 1.000000e+25 & 
1946091300 152.800003 24.000000 1.000000e+25 & 1.000000e+25 & 
1946091306 153.309998 24.209999 1.000000e+25 & 1.000000e+25 & 
1946091312 154.000000 24.500000 1.000000e+25 & 1.000000e+25 & 
1946091318 154.710007 24.809999 1.000000e+25 & 1.000000e+25 & 
1946091400 155.600006 25.200001 1.000000e+25 & 1.000000e+25 & 
1946091406 156.419998 25.420000 1.000000e+25 & 1.000000e+25 & 
1946091412 157.500000 25.799999 1.000000e+25 & 1.000000e+25 & 
1946091418 158.729996 26.389999 1.000000e+25 & 1.000000e+25 & 
1946091500 160.199997 27.000000 1.000000e+25 & 1.000000e+25 & 
1946091506 161.570007 27.610001 1.000000e+25 & 1.000000e+25 & 
1946091512 162.600006 28.299999 1.000000e+25 & 1.000000e+25 & 
1946091518 163.100006 29.000000 1.000000e+25 & 1.000000e+25 & 
1946091600 163.000000 30.400000 1.000000e+25 & 1.000000e+25 & 
1946091606 164.000000 31.200001 1.000000e+25 & 1.000000e+25 & 
1946091612 164.600006 32.500000 1.000000e+25 & 1.000000e+25 & 
1946091618 166.300003 34.000000 1.000000e+25 & 1.000000e+25 & 
1946091700 167.500000 36.000000 1.000000e+25 & 1.000000e+25 & 
1946091706 168.500000 38.000000 1.000000e+25 & 1.000000e+25 & 
1946091712 171.000000 39.400002 1.000000e+25 & 1.000000e+25 & 
1946091718 172.000000 40.000000 1.000000e+25 & 1.000000e+25 & 
1946091800 173.000000 40.500000 1.000000e+25 & 1.000000e+25 & 
1946091806 174.000000 41.200001 1.000000e+25 & 1.000000e+25 & 
1946091812 175.000000 42.000000 1.000000e+25 & 1.000000e+25 & 
1946091818 176.199997 42.299999 1.000000e+25 & 1.000000e+25 & 
1946091900 177.500000 42.500000 1.000000e+25 & 1.000000e+25 & 
1946091906 179.000000 43.000000 1.000000e+25 & 1.000000e+25 & 
1946091912 180.000000 43.000000 1.000000e+25 & 1.000000e+25 & 
1946091918 182.500000 44.500000 1.000000e+25 & 1.000000e+25 & 
TRACK_ID  25 START_TIME 1946090612
POINT_NUM  31
1946090612 150.000000 12.300000 1.000000e+25 & 1.000000e+25 & 
1946090618 147.369995 12.620000 1.000000e+25 & 1.000000e+25 & 
1946090700 145.199997 12.900000 1.000000e+25 & 1.000000e+25 & 
1946090706 144.169998 12.950000 1.000000e+25 & 1.000000e+25 & 
1946090712 142.839996 13.230000 1.000000e+25 & 1.000000e+25 & 
1946090718 141.350006 13.530000 1.000000e+25 & 1.000000e+25 & 
1946090800 140.220001 13.600000 1.000000e+25 & 1.000000e+25 & 
1946090806 138.250000 13.600000 1.000000e+25 & 1.000000e+25 & 
1946090812 136.470001 13.600000 1.000000e+25 & 1.000000e+25 & 
1946090818 134.779999 13.600000 1.000000e+25 & 1.000000e+25 & 
1946090900 132.850006 13.600000 1.000000e+25 & 1.000000e+25 & 
1946090906 131.289993 13.640000 1.000000e+25 & 1.000000e+25 & 
1946090912 129.529999 13.680000 1.000000e+25 & 1.000000e+25 & 
1946090918 127.550003 14.020000 1.000000e+25 & 1.000000e+25 & 
1946091000 125.669998 14.700000 1.000000e+25 & 1.000000e+25 & 
1946091006 124.209999 15.170000 1.000000e+25 & 1.000000e+25 & 
1946091012 122.919998 15.900000 1.000000e+25 & 1.000000e+25 & 
1946091018 121.440002 16.709999 1.000000e+25 & 1.000000e+25 & 
1946091100 119.830002 17.500000 1.000000e+25 & 1.000000e+25 & 
1946091106 118.059998 18.040001 1.000000e+25 & 1.000000e+25 & 
1946091112 116.300003 18.549999 1.000000e+25 & 1.000000e+25 & 
1946091118 114.529999 19.350000 1.000000e+25 & 1.000000e+25 & 
1946091200 113.209999 20.209999 1.000000e+25 & 1.000000e+25 & 
1946091206 111.910004 21.049999 1.000000e+25 & 1.000000e+25 & 
1946091212 110.099998 19.830000 1.000000e+25 & 1.000000e+25 & 
1946091218 109.230003 20.010000 1.000000e+25 & 1.000000e+25 & 
1946091300 108.129997 20.180000 1.000000e+25 & 1.000000e+25 & 
1946091306 106.000000 20.500000 1.000000e+25 & 1.000000e+25 & 
1946091312 105.000000 20.000000 1.000000e+25 & 1.000000e+25 & 
1946091318 104.000000 21.000000 1.000000e+25 & 1.000000e+25 & 
1946091400 103.500000 22.000000 1.000000e+25 & 1.000000e+25 & 
TRACK_ID  24 START_TIME 1946090518
POINT_NUM  18
1946090518 89.900002 19.900000 1.000000e+25 & 1.000000e+25 & 
1946090600 89.699997 20.100000 1.000000e+25 & 1.000000e+25 & 
1946090606 89.279999 20.400000 1.000000e+25 & 1.000000e+25 & 
1946090612 88.599998 20.790001 1.000000e+25 & 1.000000e+25 & 
1946090618 87.709999 20.920000 1.000000e+25 & 1.000000e+25 & 
1946090700 86.699997 20.910000 1.000000e+25 & 1.000000e+25 & 
1946090706 85.709999 20.889999 1.000000e+25 & 1.000000e+25 & 
1946090712 84.879997 20.809999 1.000000e+25 & 1.000000e+25 & 
1946090718 83.910004 20.790001 1.000000e+25 & 1.000000e+25 & 
1946090800 82.989998 20.700001 1.000000e+25 & 1.000000e+25 & 
1946090806 82.019997 20.700001 1.000000e+25 & 1.000000e+25 & 
1946090812 81.180000 20.790001 1.000000e+25 & 1.000000e+25 & 
1946090818 80.209999 20.799999 1.000000e+25 & 1.000000e+25 & 
1946090900 79.300003 20.879999 1.000000e+25 & 1.000000e+25 & 
1946090906 78.290001 20.990000 1.000000e+25 & 1.000000e+25 & 
1946090912 77.199997 21.190001 1.000000e+25 & 1.000000e+25 & 
1946090918 76.209999 21.420000 1.000000e+25 & 1.000000e+25 & 
1946091000 75.309998 21.719999 1.000000e+25 & 1.000000e+25 & 
TRACK_ID  23 START_TIME 1946090512
POINT_NUM  11
1946090512 124.500000 13.700000 1.000000e+25 & 1.000000e+25 & 
1946090518 122.300003 15.750000 1.000000e+25 & 1.000000e+25 & 
1946090600 120.199997 17.299999 1.000000e+25 & 1.000000e+25 & 
1946090606 118.309998 18.059999 1.000000e+25 & 1.000000e+25 & 
1946090612 116.599998 18.400000 1.000000e+25 & 1.000000e+25 & 
1946090618 114.919998 18.799999 1.000000e+25 & 1.000000e+25 & 
1946090700 113.500000 19.100000 1.000000e+25 & 1.000000e+25 & 
1946090706 112.430000 19.309999 1.000000e+25 & 1.000000e+25 & 
1946090712 111.599998 19.500000 1.000000e+25 & 1.000000e+25 & 
1946090718 110.839996 19.770000 1.000000e+25 & 1.000000e+25 & 
1946090800 110.099998 20.100000 1.000000e+25 & 1.000000e+25 & 
TRACK_ID  27 START_TIME 1946090918
POINT_NUM  18
1946090918 89.400002 22.700001 1.000000e+25 & 1.000000e+25 & 
1946091000 88.800003 22.799999 1.000000e+25 & 1.000000e+25 & 
1946091006 87.690002 23.000000 1.000000e+25 & 1.000000e+25 & 
1946091012 86.400002 23.200001 1.000000e+25 & 1.000000e+25 & 
1946091018 85.209999 23.400000 1.000000e+25 & 1.000000e+25 & 
1946091100 84.110001 23.510000 1.000000e+25 & 1.000000e+25 & 
1946091106 83.089996 23.610001 1.000000e+25 & 1.000000e+25 & 
1946091112 82.089996 23.690001 1.000000e+25 & 1.000000e+25 & 
1946091118 81.190002 23.709999 1.000000e+25 & 1.000000e+25 & 
1946091200 80.320000 23.809999 1.000000e+25 & 1.000000e+25 & 
1946091206 79.680000 23.990000 1.000000e+25 & 1.000000e+25 & 
1946091212 79.000000 24.110001 1.000000e+25 & 1.000000e+25 & 
1946091218 78.389999 24.209999 1.000000e+25 & 1.000000e+25 & 
1946091300 77.699997 24.290001 1.000000e+25 & 1.000000e+25 & 
1946091306 77.110001 24.309999 1.000000e+25 & 1.000000e+25 & 
1946091312 76.690002 24.490000 1.000000e+25 & 1.000000e+25 & 
1946091318 76.400002 24.719999 1.000000e+25 & 1.000000e+25 & 
1946091400 76.309998 25.139999 1.000000e+25 & 1.000000e+25 & 
TRACK_ID  29 START_TIME 1946091318
POINT_NUM  18
1946091318 89.000000 19.600000 1.000000e+25 & 1.000000e+25 & 
1946091400 89.000000 19.900000 1.000000e+25 & 1.000000e+25 & 
1946091406 88.989998 20.299999 1.000000e+25 & 1.000000e+25 & 
1946091412 88.809998 20.690001 1.000000e+25 & 1.000000e+25 & 
1946091418 88.790001 21.120001 1.000000e+25 & 1.000000e+25 & 
1946091500 88.709999 21.690001 1.000000e+25 & 1.000000e+25 & 
1946091506 88.690002 22.030001 1.000000e+25 & 1.000000e+25 & 
1946091512 88.580002 22.320000 1.000000e+25 & 1.000000e+25 & 
1946091518 88.489998 22.680000 1.000000e+25 & 1.000000e+25 & 
1946091600 88.389999 22.990000 1.000000e+25 & 1.000000e+25 & 
1946091606 88.199997 23.209999 1.000000e+25 & 1.000000e+25 & 
1946091612 87.910004 23.490000 1.000000e+25 & 1.000000e+25 & 
1946091618 87.699997 23.709999 1.000000e+25 & 1.000000e+25 & 
1946091700 87.419998 23.990000 1.000000e+25 & 1.000000e+25 & 
1946091706 87.089996 24.209999 1.000000e+25 & 1.000000e+25 & 
1946091712 86.500000 24.500000 1.000000e+25 & 1.000000e+25 & 
1946091718 85.889999 24.680000 1.000000e+25 & 1.000000e+25 & 
1946091800 85.209999 24.700001 1.000000e+25 & 1.000000e+25 & 
TRACK_ID  28 START_TIME 1946091200
POINT_NUM  24
1946091200 281.000000 23.500000 1.000000e+25 & 1.801000e+01 & 
1946091206 280.799988 24.000000 1.000000e+25 & 2.058000e+01 & 
1946091212 281.299988 24.500000 1.000000e+25 & 2.572000e+01 & 
1946091218 282.000000 25.200001 1.000000e+25 & 2.829000e+01 & 
1946091300 282.799988 26.000000 1.000000e+25 & 3.344000e+01 & 
1946091306 283.700012 26.900000 1.000000e+25 & 3.858000e+01 & 
1946091312 284.799988 27.799999 1.000000e+25 & 4.373000e+01 & 
1946091318 286.200012 29.200001 9.750000e+02 & 4.373000e+01 & 
1946091400 287.500000 30.799999 1.000000e+25 & 4.116000e+01 & 
1946091406 288.700012 32.700001 1.000000e+25 & 4.116000e+01 & 
1946091412 289.799988 34.799999 1.000000e+25 & 3.858000e+01 & 
1946091418 291.000000 36.900002 1.000000e+25 & 3.601000e+01 & 
1946091500 292.500000 39.000000 1.000000e+25 & 3.087000e+01 & 
1946091506 294.000000 41.000000 1.000000e+25 & 2.829000e+01 & 
1946091512 295.799988 43.000000 1.000000e+25 & 2.572000e+01 & 
1946091518 298.500000 44.799999 1.000000e+25 & 2.572000e+01 & 
1946091600 301.500000 46.500000 1.000000e+25 & 2.572000e+01 & 
1946091606 305.799988 48.700001 1.000000e+25 & 2.572000e+01 & 
1946091612 309.600006 49.700001 1.000000e+25 & 2.315000e+01 & 
1946091618 313.200012 50.099998 1.000000e+25 & 2.315000e+01 & 
1946091700 316.799988 50.400002 1.000000e+25 & 2.315000e+01 & 
1946091706 320.899994 50.799999 1.000000e+25 & 2.315000e+01 & 
1946091712 325.000000 51.500000 1.000000e+25 & 2.058000e+01 & 
1946091718 329.500000 52.500000 1.000000e+25 & 1.801000e+01 & 
TRACK_ID  30 START_TIME 1946091800
POINT_NUM  37
1946091800 160.800003 10.500000 1.000000e+25 & 1.000000e+25 & 
1946091806 159.899994 10.620000 1.000000e+25 & 1.000000e+25 & 
1946091812 159.199997 10.900000 1.000000e+25 & 1.000000e+25 & 
1946091818 158.710007 11.180000 1.000000e+25 & 1.000000e+25 & 
1946091900 158.199997 11.400000 1.000000e+25 & 1.000000e+25 & 
1946091906 157.500000 11.950000 1.000000e+25 & 1.000000e+25 & 
1946091912 156.300003 12.200000 1.000000e+25 & 1.000000e+25 & 
1946091918 153.619995 12.560000 1.000000e+25 & 1.000000e+25 & 
1946092000 151.800003 12.800000 1.000000e+25 & 1.000000e+25 & 
1946092006 149.389999 13.280000 1.000000e+25 & 1.000000e+25 & 
1946092012 147.000000 14.300000 1.000000e+25 & 1.000000e+25 & 
1946092018 145.130005 14.880000 1.000000e+25 & 1.000000e+25 & 
1946092100 143.100006 15.200000 1.000000e+25 & 1.000000e+25 & 
1946092106 141.660004 15.420000 1.000000e+25 & 1.000000e+25 & 
1946092112 140.199997 15.800000 1.000000e+25 & 1.000000e+25 & 
1946092118 138.949997 16.150000 1.000000e+25 & 1.000000e+25 & 
1946092200 137.500000 16.799999 1.000000e+25 & 1.000000e+25 & 
1946092206 136.330002 17.030001 1.000000e+25 & 1.000000e+25 & 
1946092212 135.399994 17.400000 1.000000e+25 & 1.000000e+25 & 
1946092218 134.130005 17.950001 1.000000e+25 & 1.000000e+25 & 
1946092300 133.000000 18.299999 1.000000e+25 & 1.000000e+25 & 
1946092306 131.889999 18.879999 1.000000e+25 & 1.000000e+25 & 
1946092312 130.800003 19.299999 1.000000e+25 & 1.000000e+25 & 
1946092318 129.809998 19.510000 1.000000e+25 & 1.000000e+25 & 
1946092400 128.800003 19.799999 1.000000e+25 & 1.000000e+25 & 
1946092406 127.639999 20.160000 1.000000e+25 & 1.000000e+25 & 
1946092412 126.099998 20.900000 1.000000e+25 & 1.000000e+25 & 
1946092418 125.059998 21.250000 1.000000e+25 & 1.000000e+25 & 
1946092500 123.699997 21.799999 1.000000e+25 & 1.000000e+25 & 
1946092506 121.849998 22.090000 1.000000e+25 & 1.000000e+25 & 
1946092512 120.199997 22.200001 1.000000e+25 & 1.000000e+25 & 
1946092518 119.000000 22.900000 1.000000e+25 & 1.000000e+25 & 
1946092600 119.500000 24.500000 1.000000e+25 & 1.000000e+25 & 
1946092606 122.000000 26.500000 1.000000e+25 & 1.000000e+25 & 
1946092612 123.000000 28.000000 1.000000e+25 & 1.000000e+25 & 
1946092618 124.500000 29.000000 1.000000e+25 & 1.000000e+25 & 
1946092700 126.000000 30.000000 1.000000e+25 & 1.000000e+25 & 
TRACK_ID  32 START_TIME 1946100218
POINT_NUM  14
1946100218 91.599998 15.800000 1.000000e+25 & 1.000000e+25 & 
1946100300 91.500000 16.000000 1.000000e+25 & 1.000000e+25 & 
1946100306 90.980003 16.520000 1.000000e+25 & 1.000000e+25 & 
1946100312 90.199997 17.309999 1.000000e+25 & 1.000000e+25 & 
1946100318 89.680000 17.799999 1.000000e+25 & 1.000000e+25 & 
1946100400 89.209999 18.129999 1.000000e+25 & 1.000000e+25 & 
1946100406 88.690002 18.990000 1.000000e+25 & 1.000000e+25 & 
1946100412 88.089996 20.190001 1.000000e+25 & 1.000000e+25 & 
1946100418 87.910004 21.410000 1.000000e+25 & 1.000000e+25 & 
1946100500 88.269997 22.660000 1.000000e+25 & 1.000000e+25 & 
1946100506 88.500000 23.150000 1.000000e+25 & 1.000000e+25 & 
1946100512 88.610001 23.410000 1.000000e+25 & 1.000000e+25 & 
1946100518 88.790001 23.600000 1.000000e+25 & 1.000000e+25 & 
1946100600 88.910004 23.870001 1.000000e+25 & 1.000000e+25 & 
TRACK_ID  31 START_TIME 1946100112
POINT_NUM  20
1946100112 323.500000 32.500000 1.000000e+25 & 1.543000e+01 & 
1946100118 323.700012 32.700001 1.000000e+25 & 1.801000e+01 & 
1946100200 324.000000 33.000000 1.000000e+25 & 2.058000e+01 & 
1946100206 324.600006 33.200001 1.000000e+25 & 2.315000e+01 & 
1946100212 325.500000 33.500000 1.000000e+25 & 2.572000e+01 & 
1946100218 326.700012 33.700001 1.000000e+25 & 2.572000e+01 & 
1946100300 328.200012 33.900002 1.000000e+25 & 2.572000e+01 & 
1946100306 329.700012 34.200001 1.000000e+25 & 2.572000e+01 & 
1946100312 330.500000 34.500000 1.000000e+25 & 2.829000e+01 & 
1946100318 330.799988 35.000000 1.000000e+25 & 3.087000e+01 & 
1946100400 330.799988 35.599998 1.000000e+25 & 3.344000e+01 & 
1946100406 330.799988 36.299999 1.000000e+25 & 3.601000e+01 & 
1946100412 330.500000 37.000000 1.000000e+25 & 3.858000e+01 & 
1946100418 330.299988 37.700001 1.000000e+25 & 4.116000e+01 & 
1946100500 330.299988 38.200001 1.000000e+25 & 4.116000e+01 & 
1946100506 330.500000 38.799999 1.000000e+25 & 3.858000e+01 & 
1946100512 331.000000 39.500000 1.000000e+25 & 3.601000e+01 & 
1946100518 331.700012 40.500000 1.000000e+25 & 3.344000e+01 & 
1946100600 332.500000 41.700001 1.000000e+25 & 3.087000e+01 & 
1946100606 333.500000 43.000000 1.000000e+25 & 2.829000e+01 & 
TRACK_ID  33 START_TIME 1946100518
POINT_NUM  37
1946100518 272.500000 18.200001 1.000000e+25 & 1.801000e+01 & 
1946100600 273.299988 18.799999 1.000000e+25 & 2.315000e+01 & 
1946100606 274.000000 19.400000 1.000000e+25 & 2.829000e+01 & 
1946100612 274.799988 20.000000 9.930000e+02 & 3.344000e+01 & 
1946100618 275.500000 20.700001 1.000000e+25 & 3.858000e+01 & 
1946100700 275.899994 21.500000 1.000000e+25 & 4.116000e+01 & 
1946100706 276.200012 22.500000 9.770000e+02 & 4.116000e+01 & 
1946100712 276.399994 23.700001 1.000000e+25 & 4.373000e+01 & 
1946100718 276.700012 25.400000 9.790000e+02 & 4.116000e+01 & 
1946100800 277.100006 27.000000 9.800000e+02 & 3.858000e+01 & 
1946100806 277.500000 28.600000 1.000000e+25 & 3.344000e+01 & 
1946100812 277.899994 30.799999 1.000000e+25 & 2.829000e+01 & 
1946100818 278.299988 32.500000 1.000000e+25 & 2.572000e+01 & 
1946100900 278.399994 33.500000 1.000000e+25 & 2.058000e+01 & 
1946100906 278.700012 34.000000 1.000000e+25 & 1.801000e+01 & 
1946100912 279.399994 34.299999 1.000000e+25 & 1.543000e+01 & 
1946100918 281.200012 34.700001 1.000000e+25 & 1.543000e+01 & 
1946101000 283.200012 35.299999 1.000000e+25 & 1.543000e+01 & 
1946101006 285.000000 35.900002 1.000000e+25 & 1.801000e+01 & 
1946101012 286.700012 36.200001 1.000000e+25 & 2.058000e+01 & 
1946101018 289.000000 35.900002 1.000000e+25 & 2.058000e+01 & 
1946101100 292.299988 35.299999 1.000000e+25 & 1.801000e+01 & 
1946101106 295.000000 34.500000 1.000000e+25 & 1.801000e+01 & 
1946101112 296.500000 33.799999 1.000000e+25 & 1.543000e+01 & 
1946101118 297.299988 33.200001 1.000000e+25 & 1.286000e+01 & 
1946101200 297.899994 32.599998 1.000000e+25 & 1.286000e+01 & 
1946101206 298.299988 32.099998 1.000000e+25 & 1.286000e+01 & 
1946101212 298.600006 31.500000 1.000000e+25 & 1.286000e+01 & 
1946101218 298.799988 30.400000 1.000000e+25 & 1.286000e+01 & 
1946101300 298.700012 29.200001 1.000000e+25 & 1.286000e+01 & 
1946101306 298.000000 28.100000 1.000000e+25 & 1.286000e+01 & 
1946101312 297.100006 27.200001 1.000000e+25 & 1.286000e+01 & 
1946101318 296.000000 26.600000 1.000000e+25 & 1.286000e+01 & 
1946101400 294.799988 26.200001 1.000000e+25 & 1.286000e+01 & 
1946101406 293.500000 25.799999 1.000000e+25 & 1.286000e+01 & 
1946101412 292.000000 25.500000 1.000000e+25 & 1.286000e+01 & 
1946101418 290.500000 25.299999 1.000000e+25 & 1.286000e+01 & 
TRACK_ID  34 START_TIME 1946101100
POINT_NUM  13
1946101100 123.099998 16.200001 1.000000e+25 & 1.000000e+25 & 
1946101106 122.559998 16.540001 1.000000e+25 & 1.000000e+25 & 
1946101112 122.000000 16.900000 1.000000e+25 & 1.000000e+25 & 
1946101118 121.419998 17.290001 1.000000e+25 & 1.000000e+25 & 
1946101200 120.800003 17.700001 1.000000e+25 & 1.000000e+25 & 
1946101206 120.120003 18.090000 1.000000e+25 & 1.000000e+25 & 
1946101212 119.400002 18.500000 1.000000e+25 & 1.000000e+25 & 
1946101218 118.660004 18.900000 1.000000e+25 & 1.000000e+25 & 
1946101300 117.900002 19.400000 1.000000e+25 & 1.000000e+25 & 
1946101306 117.050003 20.030001 1.000000e+25 & 1.000000e+25 & 
1946101312 116.400002 20.799999 1.000000e+25 & 1.000000e+25 & 
1946101318 116.209999 21.670000 1.000000e+25 & 1.000000e+25 & 
1946101400 116.300003 22.600000 1.000000e+25 & 1.000000e+25 & 
TRACK_ID  36 START_TIME 1946101812
POINT_NUM  31
1946101812 131.000000 10.700000 1.000000e+25 & 1.000000e+25 & 
1946101818 130.500000 11.050000 1.000000e+25 & 1.000000e+25 & 
1946101900 130.000000 11.600000 1.000000e+25 & 1.000000e+25 & 
1946101906 129.500000 11.970000 1.000000e+25 & 1.000000e+25 & 
1946101912 129.000000 12.200000 1.000000e+25 & 1.000000e+25 & 
1946101918 128.410004 12.940000 1.000000e+25 & 1.000000e+25 & 
1946102000 128.000000 13.500000 1.000000e+25 & 1.000000e+25 & 
1946102006 127.800003 14.350000 1.000000e+25 & 1.000000e+25 & 
1946102012 127.800003 15.500000 1.000000e+25 & 1.000000e+25 & 
1946102018 127.800003 16.070000 1.000000e+25 & 1.000000e+25 & 
1946102100 127.900002 16.900000 1.000000e+25 & 1.000000e+25 & 
1946102106 128.000000 17.340000 1.000000e+25 & 1.000000e+25 & 
1946102112 128.199997 18.000000 1.000000e+25 & 1.000000e+25 & 
1946102118 128.750000 18.670000 1.000000e+25 & 1.000000e+25 & 
1946102200 129.199997 19.299999 1.000000e+25 & 1.000000e+25 & 
1946102206 129.990005 20.290001 1.000000e+25 & 1.000000e+25 & 
1946102212 130.800003 21.299999 1.000000e+25 & 1.000000e+25 & 
1946102218 131.470001 22.010000 1.000000e+25 & 1.000000e+25 & 
1946102300 132.199997 22.900000 1.000000e+25 & 1.000000e+25 & 
1946102306 133.669998 24.250000 1.000000e+25 & 1.000000e+25 & 
1946102312 135.399994 25.799999 1.000000e+25 & 1.000000e+25 & 
1946102318 137.600006 27.940001 1.000000e+25 & 1.000000e+25 & 
1946102400 140.100006 30.600000 1.000000e+25 & 1.000000e+25 & 
1946102406 142.520004 33.009998 1.000000e+25 & 1.000000e+25 & 
1946102412 145.100006 35.400002 1.000000e+25 & 1.000000e+25 & 
1946102418 148.699997 38.400002 1.000000e+25 & 1.000000e+25 & 
1946102500 156.500000 40.500000 1.000000e+25 & 1.000000e+25 & 
1946102506 160.000000 42.000000 1.000000e+25 & 1.000000e+25 & 
1946102512 163.500000 43.000000 1.000000e+25 & 1.000000e+25 & 
1946102518 167.000000 49.000000 1.000000e+25 & 1.000000e+25 & 
1946102600 170.500000 51.500000 1.000000e+25 & 1.000000e+25 & 
TRACK_ID  35 START_TIME 1946101518
POINT_NUM  10
1946101518 85.199997 12.200000 1.000000e+25 & 1.000000e+25 & 
1946101600 84.900002 12.300000 1.000000e+25 & 1.000000e+25 & 
1946101606 84.480003 12.410000 1.000000e+25 & 1.000000e+25 & 
1946101612 83.879997 12.610000 1.000000e+25 & 1.000000e+25 & 
1946101618 83.389999 13.080000 1.000000e+25 & 1.000000e+25 & 
1946101700 83.089996 13.690000 1.000000e+25 & 1.000000e+25 & 
1946101706 82.989998 14.310000 1.000000e+25 & 1.000000e+25 & 
1946101712 83.089996 14.910000 1.000000e+25 & 1.000000e+25 & 
1946101718 83.330002 15.470000 1.000000e+25 & 1.000000e+25 & 
1946101800 83.739998 15.810000 1.000000e+25 & 1.000000e+25 & 
TRACK_ID  37 START_TIME 1946103118
POINT_NUM  22
1946103118 88.099998 9.100000 1.000000e+25 & 1.000000e+25 & 
1946110100 87.099998 9.600000 1.000000e+25 & 1.000000e+25 & 
1946110106 85.690002 9.800000 1.000000e+25 & 1.000000e+25 & 
1946110112 84.110001 10.000000 1.000000e+25 & 1.000000e+25 & 
1946110118 82.410004 10.200000 1.000000e+25 & 1.000000e+25 & 
1946110200 80.610001 10.400000 1.000000e+25 & 1.000000e+25 & 
1946110206 79.089996 10.610000 1.000000e+25 & 1.000000e+25 & 
1946110212 77.790001 10.900000 1.000000e+25 & 1.000000e+25 & 
1946110218 76.379997 11.300000 1.000000e+25 & 1.000000e+25 & 
1946110300 74.889999 11.800000 1.000000e+25 & 1.000000e+25 & 
1946110306 73.610001 12.400000 1.000000e+25 & 1.000000e+25 & 
1946110312 72.690002 13.100000 1.000000e+25 & 1.000000e+25 & 
1946110318 71.900002 13.910000 1.000000e+25 & 1.000000e+25 & 
1946110400 71.300003 14.880000 1.000000e+25 & 1.000000e+25 & 
1946110406 70.980003 15.720000 1.000000e+25 & 1.000000e+25 & 
1946110412 70.800003 16.600000 1.000000e+25 & 1.000000e+25 & 
1946110418 70.800003 17.389999 1.000000e+25 & 1.000000e+25 & 
1946110500 70.900002 18.000000 1.000000e+25 & 1.000000e+25 & 
1946110506 71.099998 18.590000 1.000000e+25 & 1.000000e+25 & 
1946110512 71.400002 19.090000 1.000000e+25 & 1.000000e+25 & 
1946110518 71.809998 19.500000 1.000000e+25 & 1.000000e+25 & 
1946110600 72.320000 19.900000 1.000000e+25 & 1.000000e+25 & 
TRACK_ID  40 START_TIME 1946110518
POINT_NUM  22
1946110518 88.500000 8.300000 1.000000e+25 & 1.000000e+25 & 
1946110600 88.199997 8.500000 1.000000e+25 & 1.000000e+25 & 
1946110606 87.489998 8.790000 1.000000e+25 & 1.000000e+25 & 
1946110612 86.680000 9.110000 1.000000e+25 & 1.000000e+25 & 
1946110618 86.000000 9.500000 1.000000e+25 & 1.000000e+25 & 
1946110700 85.410004 9.910000 1.000000e+25 & 1.000000e+25 & 
1946110706 84.690002 10.500000 1.000000e+25 & 1.000000e+25 & 
1946110712 83.720001 11.210000 1.000000e+25 & 1.000000e+25 & 
1946110718 82.900002 12.000000 1.000000e+25 & 1.000000e+25 & 
1946110800 82.099998 12.720000 1.000000e+25 & 1.000000e+25 & 
1946110806 81.290001 13.400000 1.000000e+25 & 1.000000e+25 & 
1946110812 80.309998 13.900000 1.000000e+25 & 1.000000e+25 & 
1946110818 79.290001 14.290000 1.000000e+25 & 1.000000e+25 & 
1946110900 78.089996 14.510000 1.000000e+25 & 1.000000e+25 & 
1946110906 76.699997 14.600000 1.000000e+25 & 1.000000e+25 & 
1946110912 75.190002 14.590000 1.000000e+25 & 1.000000e+25 & 
1946110918 73.639999 14.690000 1.000000e+25 & 1.000000e+25 & 
1946111000 72.110001 14.910000 1.000000e+25 & 1.000000e+25 & 
1946111006 70.980003 15.590000 1.000000e+25 & 1.000000e+25 & 
1946111012 71.110001 16.580000 1.000000e+25 & 1.000000e+25 & 
1946111018 71.500000 17.400000 1.000000e+25 & 1.000000e+25 & 
1946111100 71.930000 18.100000 1.000000e+25 & 1.000000e+25 & 
TRACK_ID  38 START_TIME 1946103118
POINT_NUM  11
1946103118 286.500000 21.900000 1.000000e+25 & 1.543000e+01 & 
1946110100 284.700012 23.000000 1.000000e+25 & 1.801000e+01 & 
1946110106 283.500000 23.900000 1.000000e+25 & 2.058000e+01 & 
1946110112 282.200012 24.600000 1.000000e+25 & 2.058000e+01 & 
1946110118 280.700012 25.799999 1.002000e+03 & 2.058000e+01 & 
1946110200 279.700012 26.799999 1.000000e+25 & 1.801000e+01 & 
1946110206 278.799988 27.700001 1.000000e+25 & 1.543000e+01 & 
1946110212 278.200012 28.500000 1.000000e+25 & 1.286000e+01 & 
1946110218 278.000000 29.100000 1.000000e+25 & 1.286000e+01 & 
1946110300 278.200012 29.700001 1.000000e+25 & 1.029000e+01 & 
1946110306 279.299988 30.900000 1.000000e+25 & 1.029000e+01 & 
TRACK_ID  42 START_TIME 1946111300
POINT_NUM  31
1946111300 141.899994 13.700000 1.000000e+25 & 1.000000e+25 & 
1946111306 141.179993 13.910000 1.000000e+25 & 1.000000e+25 & 
1946111312 140.300003 14.200000 1.000000e+25 & 1.000000e+25 & 
1946111318 139.399994 14.580000 1.000000e+25 & 1.000000e+25 & 
1946111400 138.600006 14.800000 1.000000e+25 & 1.000000e+25 & 
1946111406 137.919998 14.920000 1.000000e+25 & 1.000000e+25 & 
1946111412 137.500000 15.200000 1.000000e+25 & 1.000000e+25 & 
1946111418 137.110001 15.590000 1.000000e+25 & 1.000000e+25 & 
1946111500 136.800003 15.900000 1.000000e+25 & 1.000000e+25 & 
1946111506 136.320007 16.200001 1.000000e+25 & 1.000000e+25 & 
1946111512 135.800003 16.400000 1.000000e+25 & 1.000000e+25 & 
1946111518 135.000000 16.389999 1.000000e+25 & 1.000000e+25 & 
1946111600 134.100006 16.299999 1.000000e+25 & 1.000000e+25 & 
1946111606 133.100006 16.410000 1.000000e+25 & 1.000000e+25 & 
1946111612 132.300003 16.799999 1.000000e+25 & 1.000000e+25 & 
1946111618 131.850006 17.410000 1.000000e+25 & 1.000000e+25 & 
1946111700 131.800003 18.299999 1.000000e+25 & 1.000000e+25 & 
1946111706 132.759995 19.600000 1.000000e+25 & 1.000000e+25 & 
1946111712 134.600006 20.400000 1.000000e+25 & 1.000000e+25 & 
1946111718 136.039993 21.400000 1.000000e+25 & 1.000000e+25 & 
1946111800 137.399994 22.400000 1.000000e+25 & 1.000000e+25 & 
1946111806 139.679993 23.639999 1.000000e+25 & 1.000000e+25 & 
1946111812 142.199997 24.500000 1.000000e+25 & 1.000000e+25 & 
1946111818 145.009995 25.320000 1.000000e+25 & 1.000000e+25 & 
1946111900 147.300003 26.200001 1.000000e+25 & 1.000000e+25 & 
1946111906 149.979996 27.090000 1.000000e+25 & 1.000000e+25 & 
1946111912 152.500000 27.900000 1.000000e+25 & 1.000000e+25 & 
1946111918 156.000000 29.500000 1.000000e+25 & 1.000000e+25 & 
1946112000 160.000000 31.400000 1.000000e+25 & 1.000000e+25 & 
1946112006 164.000000 33.000000 1.000000e+25 & 1.000000e+25 & 
1946112012 167.500000 34.500000 1.000000e+25 & 1.000000e+25 & 
TRACK_ID  39 START_TIME 1946110500
POINT_NUM  27
1946110500 125.599998 12.100000 1.000000e+25 & 1.000000e+25 & 
1946110506 125.309998 13.130000 1.000000e+25 & 1.000000e+25 & 
1946110512 125.099998 14.200000 1.000000e+25 & 1.000000e+25 & 
1946110518 124.919998 14.920000 1.000000e+25 & 1.000000e+25 & 
1946110600 125.000000 15.700000 1.000000e+25 & 1.000000e+25 & 
1946110606 125.190002 16.570000 1.000000e+25 & 1.000000e+25 & 
1946110612 125.400002 17.299999 1.000000e+25 & 1.000000e+25 & 
1946110618 125.699997 18.290001 1.000000e+25 & 1.000000e+25 & 
1946110700 126.099998 19.299999 1.000000e+25 & 1.000000e+25 & 
1946110706 126.680000 20.209999 1.000000e+25 & 1.000000e+25 & 
1946110712 127.300003 21.200001 1.000000e+25 & 1.000000e+25 & 
1946110718 128.089996 22.110001 1.000000e+25 & 1.000000e+25 & 
1946110800 129.199997 23.100000 1.000000e+25 & 1.000000e+25 & 
1946110806 131.070007 24.170000 1.000000e+25 & 1.000000e+25 & 
1946110812 133.199997 25.200001 1.000000e+25 & 1.000000e+25 & 
1946110818 135.619995 26.520000 1.000000e+25 & 1.000000e+25 & 
1946110900 138.000000 28.000000 1.000000e+25 & 1.000000e+25 & 
1946110906 139.350006 29.309999 1.000000e+25 & 1.000000e+25 & 
1946110912 140.699997 30.600000 1.000000e+25 & 1.000000e+25 & 
1946110918 142.259995 31.709999 1.000000e+25 & 1.000000e+25 & 
1946111000 143.699997 32.799999 1.000000e+25 & 1.000000e+25 & 
1946111006 145.229996 33.990002 1.000000e+25 & 1.000000e+25 & 
1946111012 147.100006 35.099998 1.000000e+25 & 1.000000e+25 & 
1946111018 151.500000 37.000000 1.000000e+25 & 1.000000e+25 & 
1946111100 155.000000 38.000000 1.000000e+25 & 1.000000e+25 & 
1946111106 159.000000 39.000000 1.000000e+25 & 1.000000e+25 & 
1946111112 163.000000 40.000000 1.000000e+25 & 1.000000e+25 & 
TRACK_ID  43 START_TIME 1946111418
POINT_NUM  26
1946111418 85.699997 9.200000 1.000000e+25 & 1.000000e+25 & 
1946111500 84.300003 9.800000 1.000000e+25 & 1.000000e+25 & 
1946111506 82.910004 10.310000 1.000000e+25 & 1.000000e+25 & 
1946111512 81.529999 10.790000 1.000000e+25 & 1.000000e+25 & 
1946111518 79.970001 11.210000 1.000000e+25 & 1.000000e+25 & 
1946111600 78.029999 11.610000 1.000000e+25 & 1.000000e+25 & 
1946111606 76.690002 11.980000 1.000000e+25 & 1.000000e+25 & 
1946111612 75.690002 12.210000 1.000000e+25 & 1.000000e+25 & 
1946111618 74.680000 12.590000 1.000000e+25 & 1.000000e+25 & 
1946111700 73.669998 13.000000 1.000000e+25 & 1.000000e+25 & 
1946111706 72.820000 13.700000 1.000000e+25 & 1.000000e+25 & 
1946111712 72.400002 14.690000 1.000000e+25 & 1.000000e+25 & 
1946111718 72.209999 15.710000 1.000000e+25 & 1.000000e+25 & 
1946111800 72.290001 16.709999 1.000000e+25 & 1.000000e+25 & 
1946111806 72.580002 17.600000 1.000000e+25 & 1.000000e+25 & 
1946111812 73.070000 18.299999 1.000000e+25 & 1.000000e+25 & 
1946111818 73.489998 18.889999 1.000000e+25 & 1.000000e+25 & 
1946111900 74.080002 19.309999 1.000000e+25 & 1.000000e+25 & 
1946111906 75.489998 19.920000 1.000000e+25 & 1.000000e+25 & 
1946111912 77.779999 20.700001 1.000000e+25 & 1.000000e+25 & 
1946111918 79.910004 21.200001 1.000000e+25 & 1.000000e+25 & 
1946112000 81.889999 21.410000 1.000000e+25 & 1.000000e+25 & 
1946112006 83.400002 21.520000 1.000000e+25 & 1.000000e+25 & 
1946112012 84.610001 21.600000 1.000000e+25 & 1.000000e+25 & 
1946112018 85.809998 21.590000 1.000000e+25 & 1.000000e+25 & 
1946112100 87.110001 21.480000 1.000000e+25 & 1.000000e+25 & 
TRACK_ID  41 START_TIME 1946111112
POINT_NUM  7
1946111112 132.800003 7.200000 1.000000e+25 & 1.000000e+25 & 
1946111118 131.649994 7.050000 1.000000e+25 & 1.000000e+25 & 
1946111200 130.500000 7.300000 1.000000e+25 & 1.000000e+25 & 
1946111206 129.320007 8.170000 1.000000e+25 & 1.000000e+25 & 
1946111212 128.000000 9.200000 1.000000e+25 & 1.000000e+25 & 
1946111218 126.470001 9.920000 1.000000e+25 & 1.000000e+25 & 
1946111300 124.800003 10.400000 1.000000e+25 & 1.000000e+25 & 
TRACK_ID  44 START_TIME 1946120218
POINT_NUM  2
1946120218 81.800003 11.200000 1.000000e+25 & 1.000000e+25 & 
1946120300 81.500000 11.200000 1.000000e+25 & 1.000000e+25 & 
TRACK_ID  46 START_TIME 1946120612
POINT_NUM  3
1946120612 133.000000 6.000000 1.000000e+25 & 1.000000e+25 & 
1946120618 130.910004 7.150000 1.000000e+25 & 1.000000e+25 & 
1946120700 128.800003 8.300000 1.000000e+25 & 1.000000e+25 & 
TRACK_ID  45 START_TIME 1946120518
POINT_NUM  18
1946120518 86.300003 10.700000 1.000000e+25 & 1.000000e+25 & 
1946120600 86.099998 10.800000 1.000000e+25 & 1.000000e+25 & 
1946120606 85.489998 11.000000 1.000000e+25 & 1.000000e+25 & 
1946120612 84.790001 11.190000 1.000000e+25 & 1.000000e+25 & 
1946120618 84.070000 11.420000 1.000000e+25 & 1.000000e+25 & 
1946120700 83.360001 11.790000 1.000000e+25 & 1.000000e+25 & 
1946120706 82.809998 12.000000 1.000000e+25 & 1.000000e+25 & 
1946120712 82.610001 12.110000 1.000000e+25 & 1.000000e+25 & 
1946120718 82.500000 12.280000 1.000000e+25 & 1.000000e+25 & 
1946120800 82.400002 12.390000 1.000000e+25 & 1.000000e+25 & 
1946120806 82.489998 12.710000 1.000000e+25 & 1.000000e+25 & 
1946120812 82.779999 13.300000 1.000000e+25 & 1.000000e+25 & 
1946120818 82.989998 13.780000 1.000000e+25 & 1.000000e+25 & 
1946120900 83.279999 14.090000 1.000000e+25 & 1.000000e+25 & 
1946120906 84.190002 14.990000 1.000000e+25 & 1.000000e+25 & 
1946120912 85.779999 16.480000 1.000000e+25 & 1.000000e+25 & 
1946120918 87.410004 17.830000 1.000000e+25 & 1.000000e+25 & 
1946121000 89.010002 19.030001 1.000000e+25 & 1.000000e+25 & 
