0
0 0
TRACK_NUM        50 ADD_FLD    1   1 &0
TRACK_ID  1 START_TIME 1940020100
POINT_NUM  3
1940020100 122.199997 7.800000 1.000000e+25 & 1.000000e+25 & 
1940020106 119.620003 10.210000 1.000000e+25 & 1.000000e+25 & 
1940020112 117.000000 12.600000 1.000000e+25 & 1.000000e+25 & 
TRACK_ID  2 START_TIME 1940040912
POINT_NUM  15
1940040912 140.699997 8.000000 1.000000e+25 & 1.000000e+25 & 
1940040918 140.250000 8.150000 1.000000e+25 & 1.000000e+25 & 
1940041000 139.600006 8.300000 1.000000e+25 & 1.000000e+25 & 
1940041006 138.589996 8.430000 1.000000e+25 & 1.000000e+25 & 
1940041012 137.300003 8.600000 1.000000e+25 & 1.000000e+25 & 
1940041018 135.779999 8.870000 1.000000e+25 & 1.000000e+25 & 
1940041100 134.399994 9.100000 1.000000e+25 & 1.000000e+25 & 
1940041106 133.630005 9.190000 1.000000e+25 & 1.000000e+25 & 
1940041112 133.100006 9.200000 1.000000e+25 & 1.000000e+25 & 
1940041118 132.449997 9.200000 1.000000e+25 & 1.000000e+25 & 
1940041200 131.800003 9.200000 1.000000e+25 & 1.000000e+25 & 
1940041206 131.169998 9.240000 1.000000e+25 & 1.000000e+25 & 
1940041212 130.500000 9.300000 1.000000e+25 & 1.000000e+25 & 
1940041218 129.729996 9.350000 1.000000e+25 & 1.000000e+25 & 
1940041300 128.899994 9.400000 1.000000e+25 & 1.000000e+25 & 
TRACK_ID  3 START_TIME 1940042300
POINT_NUM  21
1940042300 140.000000 7.000000 1.000000e+25 & 1.000000e+25 & 
1940042306 138.919998 6.490000 1.000000e+25 & 1.000000e+25 & 
1940042312 137.600006 6.100000 1.000000e+25 & 1.000000e+25 & 
1940042318 135.910004 5.920000 1.000000e+25 & 1.000000e+25 & 
1940042400 134.199997 5.900000 1.000000e+25 & 1.000000e+25 & 
1940042406 132.820007 5.900000 1.000000e+25 & 1.000000e+25 & 
1940042412 131.600006 6.100000 1.000000e+25 & 1.000000e+25 & 
1940042418 130.339996 6.570000 1.000000e+25 & 1.000000e+25 & 
1940042500 129.199997 7.200000 1.000000e+25 & 1.000000e+25 & 
1940042506 128.339996 7.880000 1.000000e+25 & 1.000000e+25 & 
1940042512 127.400002 8.500000 1.000000e+25 & 1.000000e+25 & 
1940042518 125.889999 8.950000 1.000000e+25 & 1.000000e+25 & 
1940042600 124.500000 9.200000 1.000000e+25 & 1.000000e+25 & 
1940042606 123.830002 9.250000 1.000000e+25 & 1.000000e+25 & 
1940042612 123.500000 9.200000 1.000000e+25 & 1.000000e+25 & 
1940042618 123.239998 9.200000 1.000000e+25 & 1.000000e+25 & 
1940042700 122.800003 9.200000 1.000000e+25 & 1.000000e+25 & 
1940042706 121.800003 9.190000 1.000000e+25 & 1.000000e+25 & 
1940042712 120.599998 9.200000 1.000000e+25 & 1.000000e+25 & 
1940042718 119.540001 9.240000 1.000000e+25 & 1.000000e+25 & 
1940042800 118.599998 9.300000 1.000000e+25 & 1.000000e+25 & 
TRACK_ID  5 START_TIME 1940051912
POINT_NUM  32
1940051912 289.000000 22.000000 1.000000e+25 & 1.801000e+01 & 
1940051918 288.700012 22.700001 1.000000e+25 & 1.801000e+01 & 
1940052000 288.500000 23.400000 1.000000e+25 & 1.801000e+01 & 
1940052006 288.299988 24.200001 1.000000e+25 & 1.801000e+01 & 
1940052012 288.100006 25.000000 1.000000e+25 & 2.058000e+01 & 
1940052018 287.899994 26.000000 1.000000e+25 & 2.058000e+01 & 
1940052100 287.799988 27.000000 1.000000e+25 & 2.315000e+01 & 
1940052106 287.700012 28.000000 1.000000e+25 & 2.315000e+01 & 
1940052112 287.600006 29.000000 1.000000e+25 & 2.572000e+01 & 
1940052118 287.500000 30.100000 1.000000e+25 & 2.572000e+01 & 
1940052200 287.299988 31.500000 1.000000e+25 & 2.829000e+01 & 
1940052206 287.200012 33.500000 1.000000e+25 & 2.829000e+01 & 
1940052212 287.200012 35.000000 1.000000e+25 & 2.829000e+01 & 
1940052218 287.399994 35.599998 1.000000e+25 & 2.829000e+01 & 
1940052300 287.700012 35.900002 1.000000e+25 & 2.572000e+01 & 
1940052306 288.100006 36.000000 1.000000e+25 & 2.572000e+01 & 
1940052312 288.500000 36.000000 1.000000e+25 & 2.572000e+01 & 
1940052318 288.899994 36.000000 1.000000e+25 & 2.315000e+01 & 
1940052400 289.299988 35.900002 1.000000e+25 & 2.058000e+01 & 
1940052406 289.700012 35.700001 1.000000e+25 & 2.058000e+01 & 
1940052412 290.200012 35.700001 1.000000e+25 & 1.801000e+01 & 
1940052418 290.799988 36.200001 1.000000e+25 & 1.801000e+01 & 
1940052500 291.500000 36.700001 1.000000e+25 & 1.801000e+01 & 
1940052506 292.100006 37.299999 1.000000e+25 & 1.801000e+01 & 
1940052512 292.700012 37.900002 1.000000e+25 & 1.543000e+01 & 
1940052518 293.299988 38.500000 1.000000e+25 & 1.543000e+01 & 
1940052600 293.799988 39.099998 1.000000e+25 & 1.543000e+01 & 
1940052606 294.299988 39.599998 1.000000e+25 & 1.543000e+01 & 
1940052612 294.799988 40.200001 1.000000e+25 & 1.543000e+01 & 
1940052618 295.700012 41.099998 1.000000e+25 & 1.543000e+01 & 
1940052700 296.899994 42.200001 1.000000e+25 & 1.286000e+01 & 
1940052706 298.500000 43.500000 1.000000e+25 & 1.029000e+01 & 
TRACK_ID  4 START_TIME 1940051800
POINT_NUM  25
1940051800 82.699997 11.800000 1.000000e+25 & 1.000000e+25 & 
1940051806 82.290001 11.880000 1.000000e+25 & 1.000000e+25 & 
1940051812 81.809998 11.970000 1.000000e+25 & 1.000000e+25 & 
1940051818 81.400002 12.140000 1.000000e+25 & 1.000000e+25 & 
1940051900 81.080002 12.410000 1.000000e+25 & 1.000000e+25 & 
1940051906 80.639999 12.870000 1.000000e+25 & 1.000000e+25 & 
1940051912 80.279999 13.450000 1.000000e+25 & 1.000000e+25 & 
1940051918 80.040001 13.990000 1.000000e+25 & 1.000000e+25 & 
1940052000 79.919998 14.570000 1.000000e+25 & 1.000000e+25 & 
1940052006 79.820000 15.010000 1.000000e+25 & 1.000000e+25 & 
1940052012 79.720001 15.400000 1.000000e+25 & 1.000000e+25 & 
1940052018 79.599998 15.800000 1.000000e+25 & 1.000000e+25 & 
1940052100 79.470001 16.280001 1.000000e+25 & 1.000000e+25 & 
1940052106 79.790001 16.889999 1.000000e+25 & 1.000000e+25 & 
1940052112 80.500000 17.379999 1.000000e+25 & 1.000000e+25 & 
1940052118 81.379997 17.690001 1.000000e+25 & 1.000000e+25 & 
1940052200 82.300003 17.959999 1.000000e+25 & 1.000000e+25 & 
1940052206 82.779999 18.150000 1.000000e+25 & 1.000000e+25 & 
1940052212 83.129997 18.270000 1.000000e+25 & 1.000000e+25 & 
1940052218 83.449997 18.350000 1.000000e+25 & 1.000000e+25 & 
1940052300 83.820000 18.360001 1.000000e+25 & 1.000000e+25 & 
1940052306 85.040001 18.740000 1.000000e+25 & 1.000000e+25 & 
1940052312 86.570000 19.250000 1.000000e+25 & 1.000000e+25 & 
1940052318 88.209999 19.840000 1.000000e+25 & 1.000000e+25 & 
1940052400 89.760002 20.480000 1.000000e+25 & 1.000000e+25 & 
TRACK_ID  6 START_TIME 1940060912
POINT_NUM  27
1940060912 146.000000 7.600000 1.000000e+25 & 1.000000e+25 & 
1940060918 144.520004 9.700000 1.000000e+25 & 1.000000e+25 & 
1940061000 143.100006 11.200000 1.000000e+25 & 1.000000e+25 & 
1940061006 141.809998 11.780000 1.000000e+25 & 1.000000e+25 & 
1940061012 140.699997 12.100000 1.000000e+25 & 1.000000e+25 & 
1940061018 139.820007 13.080000 1.000000e+25 & 1.000000e+25 & 
1940061100 139.000000 14.000000 1.000000e+25 & 1.000000e+25 & 
1940061106 138.009995 14.370000 1.000000e+25 & 1.000000e+25 & 
1940061112 137.000000 14.500000 1.000000e+25 & 1.000000e+25 & 
1940061118 136.020004 14.640000 1.000000e+25 & 1.000000e+25 & 
1940061200 135.100006 14.800000 1.000000e+25 & 1.000000e+25 & 
1940061206 134.270004 15.050000 1.000000e+25 & 1.000000e+25 & 
1940061212 133.500000 15.400000 1.000000e+25 & 1.000000e+25 & 
1940061218 132.759995 15.720000 1.000000e+25 & 1.000000e+25 & 
1940061300 132.000000 16.299999 1.000000e+25 & 1.000000e+25 & 
1940061306 130.910004 17.559999 1.000000e+25 & 1.000000e+25 & 
1940061312 130.300003 18.600000 1.000000e+25 & 1.000000e+25 & 
1940061318 131.169998 18.600000 1.000000e+25 & 1.000000e+25 & 
1940061400 132.000000 18.000000 1.000000e+25 & 1.000000e+25 & 
1940061406 131.320007 17.020000 1.000000e+25 & 1.000000e+25 & 
1940061412 130.000000 16.299999 1.000000e+25 & 1.000000e+25 & 
1940061418 128.649994 16.480000 1.000000e+25 & 1.000000e+25 & 
1940061500 127.400002 17.400000 1.000000e+25 & 1.000000e+25 & 
1940061506 126.510002 18.830000 1.000000e+25 & 1.000000e+25 & 
1940061512 126.099998 20.600000 1.000000e+25 & 1.000000e+25 & 
1940061518 126.239998 22.290001 1.000000e+25 & 1.000000e+25 & 
1940061600 126.699997 23.900000 1.000000e+25 & 1.000000e+25 & 
TRACK_ID  8 START_TIME 1940062912
POINT_NUM  40
1940062912 140.639999 4.430000 1.000000e+25 & 1.000000e+25 & 
1940062918 139.979996 5.450000 1.000000e+25 & 1.000000e+25 & 
1940063000 139.580002 5.960000 1.000000e+25 & 1.000000e+25 & 
1940063006 139.279999 6.360000 1.000000e+25 & 1.000000e+25 & 
1940063012 138.919998 6.850000 1.000000e+25 & 1.000000e+25 & 
1940063018 138.539993 7.430000 1.000000e+25 & 1.000000e+25 & 
1940070100 138.160004 7.940000 1.000000e+25 & 1.000000e+25 & 
1940070106 137.750000 8.400000 1.000000e+25 & 1.000000e+25 & 
1940070112 137.240005 9.030000 1.000000e+25 & 1.000000e+25 & 
1940070118 136.660004 9.770000 1.000000e+25 & 1.000000e+25 & 
1940070200 136.059998 10.340000 1.000000e+25 & 1.000000e+25 & 
1940070206 135.429993 10.790000 1.000000e+25 & 1.000000e+25 & 
1940070212 134.809998 11.420000 1.000000e+25 & 1.000000e+25 & 
1940070218 134.119995 12.170000 1.000000e+25 & 1.000000e+25 & 
1940070300 133.399994 12.680000 1.000000e+25 & 1.000000e+25 & 
1940070306 132.699997 13.010000 1.000000e+25 & 1.000000e+25 & 
1940070312 131.970001 13.530000 1.000000e+25 & 1.000000e+25 & 
1940070318 131.169998 14.210000 1.000000e+25 & 1.000000e+25 & 
1940070400 130.470001 14.790000 1.000000e+25 & 1.000000e+25 & 
1940070406 129.869995 15.370000 1.000000e+25 & 1.000000e+25 & 
1940070412 129.080002 16.209999 1.000000e+25 & 1.000000e+25 & 
1940070418 128.139999 17.209999 1.000000e+25 & 1.000000e+25 & 
1940070500 127.440002 18.010000 1.000000e+25 & 1.000000e+25 & 
1940070506 127.010002 18.629999 1.000000e+25 & 1.000000e+25 & 
1940070512 126.599998 19.240000 1.000000e+25 & 1.000000e+25 & 
1940070518 126.150002 19.850000 1.000000e+25 & 1.000000e+25 & 
1940070600 125.720001 20.490000 1.000000e+25 & 1.000000e+25 & 
1940070606 125.239998 21.170000 1.000000e+25 & 1.000000e+25 & 
1940070612 124.500000 21.900000 1.000000e+25 & 1.000000e+25 & 
1940070618 123.519997 22.600000 1.000000e+25 & 1.000000e+25 & 
1940070700 122.540001 23.100000 1.000000e+25 & 1.000000e+25 & 
1940070706 121.589996 23.469999 1.000000e+25 & 1.000000e+25 & 
1940070712 120.580002 23.900000 1.000000e+25 & 1.000000e+25 & 
1940070718 119.449997 24.340000 1.000000e+25 & 1.000000e+25 & 
1940070800 118.349998 24.570000 1.000000e+25 & 1.000000e+25 & 
1940070806 117.099998 24.709999 1.000000e+25 & 1.000000e+25 & 
1940070812 115.260002 25.040001 1.000000e+25 & 1.000000e+25 & 
1940070818 112.989998 25.459999 1.000000e+25 & 1.000000e+25 & 
1940070900 110.930000 25.790001 1.000000e+25 & 1.000000e+25 & 
1940070906 109.349998 26.080000 1.000000e+25 & 1.000000e+25 & 
TRACK_ID  7 START_TIME 1940062318
POINT_NUM  10
1940062318 87.309998 19.520000 1.000000e+25 & 1.000000e+25 & 
1940062400 86.980003 19.910000 1.000000e+25 & 1.000000e+25 & 
1940062406 86.879997 20.030001 1.000000e+25 & 1.000000e+25 & 
1940062412 86.889999 20.010000 1.000000e+25 & 1.000000e+25 & 
1940062418 86.949997 19.990000 1.000000e+25 & 1.000000e+25 & 
1940062500 86.989998 19.969999 1.000000e+25 & 1.000000e+25 & 
1940062506 86.239998 20.219999 1.000000e+25 & 1.000000e+25 & 
1940062512 84.849998 20.610001 1.000000e+25 & 1.000000e+25 & 
1940062518 83.610001 20.920000 1.000000e+25 & 1.000000e+25 & 
1940062600 82.470001 21.129999 1.000000e+25 & 1.000000e+25 & 
TRACK_ID  9 START_TIME 1940063000
POINT_NUM  13
1940063000 88.900002 21.100000 1.000000e+25 & 1.000000e+25 & 
1940063006 88.800003 21.510000 1.000000e+25 & 1.000000e+25 & 
1940063012 88.550003 22.000000 1.000000e+25 & 1.000000e+25 & 
1940063018 88.290001 22.330000 1.000000e+25 & 1.000000e+25 & 
1940070100 87.930000 22.549999 1.000000e+25 & 1.000000e+25 & 
1940070106 87.239998 22.820000 1.000000e+25 & 1.000000e+25 & 
1940070112 86.430000 23.049999 1.000000e+25 & 1.000000e+25 & 
1940070118 85.529999 23.240000 1.000000e+25 & 1.000000e+25 & 
1940070200 84.620003 23.290001 1.000000e+25 & 1.000000e+25 & 
1940070206 83.790001 23.299999 1.000000e+25 & 1.000000e+25 & 
1940070212 83.000000 23.219999 1.000000e+25 & 1.000000e+25 & 
1940070218 82.230003 23.139999 1.000000e+25 & 1.000000e+25 & 
1940070300 81.470001 23.110001 1.000000e+25 & 1.000000e+25 & 
TRACK_ID  13 START_TIME 1940071112
POINT_NUM  3
1940071112 117.800003 18.299999 1.000000e+25 & 1.000000e+25 & 
1940071118 116.949997 18.600000 1.000000e+25 & 1.000000e+25 & 
1940071200 116.099998 18.900000 1.000000e+25 & 1.000000e+25 & 
TRACK_ID  14 START_TIME 1940071300
POINT_NUM  5
1940071300 146.000000 9.700000 1.000000e+25 & 1.000000e+25 & 
1940071306 144.699997 8.900000 1.000000e+25 & 1.000000e+25 & 
1940071312 143.399994 8.100000 1.000000e+25 & 1.000000e+25 & 
1940071318 141.649994 8.150000 1.000000e+25 & 1.000000e+25 & 
1940071400 139.899994 8.200000 1.000000e+25 & 1.000000e+25 & 
TRACK_ID  17 START_TIME 1940072412
POINT_NUM  27
1940072412 150.000000 16.799999 1.000000e+25 & 1.000000e+25 & 
1940072418 149.970001 17.480000 1.000000e+25 & 1.000000e+25 & 
1940072500 149.399994 18.000000 1.000000e+25 & 1.000000e+25 & 
1940072506 147.940002 18.250000 1.000000e+25 & 1.000000e+25 & 
1940072512 146.000000 18.299999 1.000000e+25 & 1.000000e+25 & 
1940072518 144.050003 18.270000 1.000000e+25 & 1.000000e+25 & 
1940072600 142.199997 18.200001 1.000000e+25 & 1.000000e+25 & 
1940072606 140.759995 18.190001 1.000000e+25 & 1.000000e+25 & 
1940072612 139.500000 18.299999 1.000000e+25 & 1.000000e+25 & 
1940072618 138.139999 18.559999 1.000000e+25 & 1.000000e+25 & 
1940072700 136.899994 18.900000 1.000000e+25 & 1.000000e+25 & 
1940072706 135.899994 19.190001 1.000000e+25 & 1.000000e+25 & 
1940072712 135.000000 19.500000 1.000000e+25 & 1.000000e+25 & 
1940072718 134.059998 19.830000 1.000000e+25 & 1.000000e+25 & 
1940072800 133.100006 20.200001 1.000000e+25 & 1.000000e+25 & 
1940072806 132.050003 20.580000 1.000000e+25 & 1.000000e+25 & 
1940072812 131.000000 21.000000 1.000000e+25 & 1.000000e+25 & 
1940072818 129.970001 21.459999 1.000000e+25 & 1.000000e+25 & 
1940072900 129.100006 22.000000 1.000000e+25 & 1.000000e+25 & 
1940072906 128.479996 22.600000 1.000000e+25 & 1.000000e+25 & 
1940072912 128.000000 23.299999 1.000000e+25 & 1.000000e+25 & 
1940072918 127.540001 24.100000 1.000000e+25 & 1.000000e+25 & 
1940073000 127.000000 25.000000 1.000000e+25 & 1.000000e+25 & 
1940073006 126.230003 25.980000 1.000000e+25 & 1.000000e+25 & 
1940073012 125.400002 27.000000 1.000000e+25 & 1.000000e+25 & 
1940073018 124.669998 28.010000 1.000000e+25 & 1.000000e+25 & 
1940073100 124.000000 29.000000 1.000000e+25 & 1.000000e+25 & 
TRACK_ID  10 START_TIME 1940070412
POINT_NUM  52
1940070412 155.580002 6.730000 1.000000e+25 & 1.000000e+25 & 
1940070418 155.050003 6.860000 1.000000e+25 & 1.000000e+25 & 
1940070500 153.690002 7.790000 1.000000e+25 & 1.000000e+25 & 
1940070506 151.789993 9.230000 1.000000e+25 & 1.000000e+25 & 
1940070512 150.589996 10.050000 1.000000e+25 & 1.000000e+25 & 
1940070518 150.190002 10.150000 1.000000e+25 & 1.000000e+25 & 
1940070600 149.649994 10.060000 1.000000e+25 & 1.000000e+25 & 
1940070606 148.830002 9.960000 1.000000e+25 & 1.000000e+25 & 
1940070612 147.979996 10.250000 1.000000e+25 & 1.000000e+25 & 
1940070618 147.119995 10.850000 1.000000e+25 & 1.000000e+25 & 
1940070700 146.289993 10.810000 1.000000e+25 & 1.000000e+25 & 
1940070706 145.500000 10.190000 1.000000e+25 & 1.000000e+25 & 
1940070712 144.639999 10.110000 1.000000e+25 & 1.000000e+25 & 
1940070718 143.759995 10.670000 1.000000e+25 & 1.000000e+25 & 
1940070800 143.169998 11.260000 1.000000e+25 & 1.000000e+25 & 
1940070806 142.869995 11.770000 1.000000e+25 & 1.000000e+25 & 
1940070812 142.470001 12.180000 1.000000e+25 & 1.000000e+25 & 
1940070818 141.880005 12.500000 1.000000e+25 & 1.000000e+25 & 
1940070900 141.050003 12.970000 1.000000e+25 & 1.000000e+25 & 
1940070906 139.979996 13.590000 1.000000e+25 & 1.000000e+25 & 
1940070912 138.809998 14.210000 1.000000e+25 & 1.000000e+25 & 
1940070918 137.639999 14.770000 1.000000e+25 & 1.000000e+25 & 
1940071000 136.679993 15.160000 1.000000e+25 & 1.000000e+25 & 
1940071006 135.889999 15.390000 1.000000e+25 & 1.000000e+25 & 
1940071012 134.729996 15.620000 1.000000e+25 & 1.000000e+25 & 
1940071018 133.220001 15.900000 1.000000e+25 & 1.000000e+25 & 
1940071100 131.899994 16.290001 1.000000e+25 & 1.000000e+25 & 
1940071106 130.820007 16.900000 1.000000e+25 & 1.000000e+25 & 
1940071112 129.669998 18.139999 1.000000e+25 & 1.000000e+25 & 
1940071118 128.500000 19.900000 1.000000e+25 & 1.000000e+25 & 
1940071200 127.940002 21.250000 1.000000e+25 & 1.000000e+25 & 
1940071206 127.970001 22.139999 1.000000e+25 & 1.000000e+25 & 
1940071212 127.910004 23.230000 1.000000e+25 & 1.000000e+25 & 
1940071218 127.650002 24.530001 1.000000e+25 & 1.000000e+25 & 
1940071300 127.360001 25.500000 1.000000e+25 & 1.000000e+25 & 
1940071306 127.070000 26.139999 1.000000e+25 & 1.000000e+25 & 
1940071312 126.690002 27.000000 1.000000e+25 & 1.000000e+25 & 
1940071318 126.269997 28.139999 1.000000e+25 & 1.000000e+25 & 
1940071400 125.910004 29.150000 1.000000e+25 & 1.000000e+25 & 
1940071406 125.760002 30.059999 1.000000e+25 & 1.000000e+25 & 
1940071412 126.209999 31.260000 1.000000e+25 & 1.000000e+25 & 
1940071418 127.339996 32.779999 1.000000e+25 & 1.000000e+25 & 
1940071500 128.910004 34.340000 1.000000e+25 & 1.000000e+25 & 
1940071506 130.850006 35.950001 1.000000e+25 & 1.000000e+25 & 
1940071512 132.970001 38.090000 1.000000e+25 & 1.000000e+25 & 
1940071518 135.240005 40.610001 1.000000e+25 & 1.000000e+25 & 
1940071600 137.440002 42.490002 1.000000e+25 & 1.000000e+25 & 
1940071606 139.570007 43.630001 1.000000e+25 & 1.000000e+25 & 
1940071612 142.419998 44.619999 1.000000e+25 & 1.000000e+25 & 
1940071618 145.839996 45.500000 1.000000e+25 & 1.000000e+25 & 
1940071700 148.389999 46.290001 1.000000e+25 & 1.000000e+25 & 
1940071706 149.729996 47.090000 1.000000e+25 & 1.000000e+25 & 
TRACK_ID  15 START_TIME 1940071812
POINT_NUM  19
1940071812 142.000000 14.000000 1.000000e+25 & 1.000000e+25 & 
1940071818 140.910004 14.690000 1.000000e+25 & 1.000000e+25 & 
1940071900 139.899994 15.400000 1.000000e+25 & 1.000000e+25 & 
1940071906 139.009995 16.110001 1.000000e+25 & 1.000000e+25 & 
1940071912 138.000000 16.600000 1.000000e+25 & 1.000000e+25 & 
1940071918 136.589996 16.590000 1.000000e+25 & 1.000000e+25 & 
1940072000 135.100006 16.500000 1.000000e+25 & 1.000000e+25 & 
1940072006 133.660004 16.900000 1.000000e+25 & 1.000000e+25 & 
1940072012 132.600006 17.200001 1.000000e+25 & 1.000000e+25 & 
1940072018 132.339996 16.870001 1.000000e+25 & 1.000000e+25 & 
1940072100 132.300003 16.400000 1.000000e+25 & 1.000000e+25 & 
1940072106 131.839996 16.180000 1.000000e+25 & 1.000000e+25 & 
1940072112 131.300003 16.100000 1.000000e+25 & 1.000000e+25 & 
1940072118 130.860001 16.129999 1.000000e+25 & 1.000000e+25 & 
1940072200 130.399994 16.200001 1.000000e+25 & 1.000000e+25 & 
1940072206 129.860001 16.209999 1.000000e+25 & 1.000000e+25 & 
1940072212 129.300003 16.200001 1.000000e+25 & 1.000000e+25 & 
1940072218 128.779999 16.200001 1.000000e+25 & 1.000000e+25 & 
1940072300 128.300003 16.200001 1.000000e+25 & 1.000000e+25 & 
TRACK_ID  18 START_TIME 1940080112
POINT_NUM  11
1940080112 138.500000 13.300000 1.000000e+25 & 1.000000e+25 & 
1940080118 137.960007 14.420000 1.000000e+25 & 1.000000e+25 & 
1940080200 137.300003 15.300000 1.000000e+25 & 1.000000e+25 & 
1940080206 136.440002 15.750000 1.000000e+25 & 1.000000e+25 & 
1940080212 135.500000 15.800000 1.000000e+25 & 1.000000e+25 & 
1940080218 134.559998 15.540000 1.000000e+25 & 1.000000e+25 & 
1940080300 133.699997 15.100000 1.000000e+25 & 1.000000e+25 & 
1940080306 132.990005 14.780000 1.000000e+25 & 1.000000e+25 & 
1940080312 132.399994 14.400000 1.000000e+25 & 1.000000e+25 & 
1940080318 131.880005 13.890000 1.000000e+25 & 1.000000e+25 & 
1940080400 131.399994 13.300000 1.000000e+25 & 1.000000e+25 & 
TRACK_ID  20 START_TIME 1940080112
POINT_NUM  7
1940080112 139.899994 26.000000 1.000000e+25 & 1.000000e+25 & 
1940080118 140.070007 26.350000 1.000000e+25 & 1.000000e+25 & 
1940080200 140.199997 27.100000 1.000000e+25 & 1.000000e+25 & 
1940080206 140.220001 28.420000 1.000000e+25 & 1.000000e+25 & 
1940080212 139.899994 29.500000 1.000000e+25 & 1.000000e+25 & 
1940080218 139.050003 29.580000 1.000000e+25 & 1.000000e+25 & 
1940080300 137.899994 29.000000 1.000000e+25 & 1.000000e+25 & 
TRACK_ID  21 START_TIME 1940080312
POINT_NUM  30
1940080312 276.899994 28.500000 1.000000e+25 & 1.286000e+01 & 
1940080318 276.100006 28.100000 1.000000e+25 & 1.543000e+01 & 
1940080400 275.299988 27.900000 1.000000e+25 & 1.801000e+01 & 
1940080406 274.700012 27.799999 1.000000e+25 & 2.058000e+01 & 
1940080412 274.100006 27.799999 1.000000e+25 & 2.058000e+01 & 
1940080418 273.500000 27.799999 1.000000e+25 & 2.315000e+01 & 
1940080500 272.799988 27.900000 1.000000e+25 & 2.572000e+01 & 
1940080506 272.299988 28.000000 9.950000e+02 & 2.829000e+01 & 
1940080512 271.799988 28.100000 1.000000e+25 & 3.087000e+01 & 
1940080518 271.299988 28.200001 1.000000e+25 & 3.344000e+01 & 
1940080600 270.799988 28.299999 1.000000e+25 & 3.601000e+01 & 
1940080606 270.299988 28.400000 1.000000e+25 & 3.601000e+01 & 
1940080612 269.600006 28.600000 1.000000e+25 & 3.858000e+01 & 
1940080618 268.899994 28.799999 1.000000e+25 & 4.116000e+01 & 
1940080700 268.100006 29.000000 1.000000e+25 & 4.116000e+01 & 
1940080706 267.399994 29.200001 1.000000e+25 & 4.373000e+01 & 
1940080712 266.799988 29.400000 1.000000e+25 & 4.373000e+01 & 
1940080718 266.200012 29.600000 9.720000e+02 & 4.373000e+01 & 
1940080800 265.700012 29.799999 1.000000e+25 & 3.344000e+01 & 
1940080806 265.500000 30.100000 1.000000e+25 & 2.572000e+01 & 
1940080812 265.500000 30.500000 1.000000e+25 & 2.315000e+01 & 
1940080818 265.500000 30.900000 1.000000e+25 & 2.315000e+01 & 
1940080900 265.500000 31.299999 1.000000e+25 & 2.058000e+01 & 
1940080906 265.500000 31.799999 1.000000e+25 & 1.801000e+01 & 
1940080912 265.500000 32.400002 1.000000e+25 & 1.543000e+01 & 
1940080918 265.500000 32.900002 1.000000e+25 & 1.286000e+01 & 
1940081000 265.700012 33.400002 1.000000e+25 & 1.286000e+01 & 
1940081006 266.000000 34.000000 1.000000e+25 & 1.029000e+01 & 
1940081012 266.299988 34.799999 1.000000e+25 & 1.029000e+01 & 
1940081018 266.700012 35.700001 1.000000e+25 & 1.029000e+01 & 
TRACK_ID  26 START_TIME 1940081900
POINT_NUM  38
1940081900 138.789993 15.840000 1.000000e+25 & 1.000000e+25 & 
1940081906 138.270004 16.969999 1.000000e+25 & 1.000000e+25 & 
1940081912 137.440002 18.270000 1.000000e+25 & 1.000000e+25 & 
1940081918 136.539993 19.620001 1.000000e+25 & 1.000000e+25 & 
1940082000 136.440002 20.639999 1.000000e+25 & 1.000000e+25 & 
1940082006 137.039993 21.350000 1.000000e+25 & 1.000000e+25 & 
1940082012 136.990005 22.180000 1.000000e+25 & 1.000000e+25 & 
1940082018 136.160004 23.129999 1.000000e+25 & 1.000000e+25 & 
1940082100 135.399994 23.719999 1.000000e+25 & 1.000000e+25 & 
1940082106 134.779999 23.930000 1.000000e+25 & 1.000000e+25 & 
1940082112 133.899994 24.129999 1.000000e+25 & 1.000000e+25 & 
1940082118 132.759995 24.389999 1.000000e+25 & 1.000000e+25 & 
1940082200 131.729996 24.549999 1.000000e+25 & 1.000000e+25 & 
1940082206 130.850006 24.670000 1.000000e+25 & 1.000000e+25 & 
1940082212 129.830002 25.059999 1.000000e+25 & 1.000000e+25 & 
1940082218 128.720001 25.709999 1.000000e+25 & 1.000000e+25 & 
1940082300 128.029999 26.160000 1.000000e+25 & 1.000000e+25 & 
1940082306 127.820000 26.420000 1.000000e+25 & 1.000000e+25 & 
1940082312 127.760002 26.900000 1.000000e+25 & 1.000000e+25 & 
1940082318 127.809998 27.639999 1.000000e+25 & 1.000000e+25 & 
1940082400 127.940002 28.299999 1.000000e+25 & 1.000000e+25 & 
1940082406 128.199997 28.840000 1.000000e+25 & 1.000000e+25 & 
1940082412 128.990005 29.389999 1.000000e+25 & 1.000000e+25 & 
1940082418 130.270004 29.959999 1.000000e+25 & 1.000000e+25 & 
1940082500 131.339996 30.360001 1.000000e+25 & 1.000000e+25 & 
1940082506 132.179993 30.660000 1.000000e+25 & 1.000000e+25 & 
1940082512 133.429993 31.299999 1.000000e+25 & 1.000000e+25 & 
1940082518 135.100006 32.259998 1.000000e+25 & 1.000000e+25 & 
1940082600 136.529999 32.900002 1.000000e+25 & 1.000000e+25 & 
1940082606 137.669998 33.330002 1.000000e+25 & 1.000000e+25 & 
1940082612 139.130005 34.660000 1.000000e+25 & 1.000000e+25 & 
1940082618 140.949997 36.880001 1.000000e+25 & 1.000000e+25 & 
1940082700 142.419998 38.730000 1.000000e+25 & 1.000000e+25 & 
1940082706 143.509995 40.310001 1.000000e+25 & 1.000000e+25 & 
1940082712 145.279999 43.389999 1.000000e+25 & 1.000000e+25 & 
1940082718 147.919998 47.779999 1.000000e+25 & 1.000000e+25 & 
1940082800 150.240005 51.139999 1.000000e+25 & 1.000000e+25 & 
1940082806 151.660004 52.959999 1.000000e+25 & 1.000000e+25 & 
TRACK_ID  22 START_TIME 1940080518
POINT_NUM  37
1940080518 295.200012 18.900000 1.000000e+25 & 2.058000e+01 & 
1940080600 293.600006 19.100000 1.000000e+25 & 2.058000e+01 & 
1940080606 291.799988 19.799999 1.000000e+25 & 2.058000e+01 & 
1940080612 290.000000 20.600000 1.000000e+25 & 2.058000e+01 & 
1940080618 288.600006 21.600000 1.003000e+03 & 2.058000e+01 & 
1940080700 287.399994 22.000000 1.000000e+25 & 2.058000e+01 & 
1940080706 286.600006 22.500000 1.000000e+25 & 2.315000e+01 & 
1940080712 286.299988 23.200001 1.000000e+25 & 2.315000e+01 & 
1940080718 286.200012 24.299999 1.000000e+25 & 2.315000e+01 & 
1940080800 286.100006 25.299999 1.000000e+25 & 2.572000e+01 & 
1940080806 286.200012 26.200001 1.000000e+25 & 2.829000e+01 & 
1940080812 286.200012 27.100000 1.000000e+25 & 2.829000e+01 & 
1940080818 286.200012 27.900000 1.000000e+25 & 3.087000e+01 & 
1940080900 286.200012 28.400000 1.000000e+25 & 3.087000e+01 & 
1940080906 285.799988 28.900000 1.000000e+25 & 3.344000e+01 & 
1940080912 285.200012 29.200001 1.000000e+25 & 3.344000e+01 & 
1940080918 284.700012 29.400000 1.000000e+25 & 3.601000e+01 & 
1940081000 284.100006 29.500000 1.000000e+25 & 3.601000e+01 & 
1940081006 283.600006 29.600000 1.000000e+25 & 3.858000e+01 & 
1940081012 283.100006 29.900000 1.000000e+25 & 4.116000e+01 & 
1940081018 282.600006 30.299999 1.000000e+25 & 4.116000e+01 & 
1940081100 282.100006 30.700001 1.000000e+25 & 4.373000e+01 & 
1940081106 281.500000 31.299999 1.000000e+25 & 4.373000e+01 & 
1940081112 280.700012 31.799999 1.000000e+25 & 4.373000e+01 & 
1940081118 279.700012 32.099998 9.720000e+02 & 4.373000e+01 & 
1940081200 278.700012 32.200001 9.770000e+02 & 3.344000e+01 & 
1940081206 277.600006 32.400002 1.000000e+25 & 2.572000e+01 & 
1940081212 276.500000 32.599998 9.960000e+02 & 1.801000e+01 & 
1940081218 275.799988 33.200001 1.003000e+03 & 1.543000e+01 & 
1940081300 275.299988 33.700001 1.005000e+03 & 1.543000e+01 & 
1940081306 275.200012 34.299999 1.007000e+03 & 1.543000e+01 & 
1940081312 275.200012 34.900002 1.008000e+03 & 1.286000e+01 & 
1940081318 275.200012 35.500000 1.000000e+25 & 1.286000e+01 & 
1940081400 275.399994 36.000000 1.000000e+25 & 1.286000e+01 & 
1940081406 276.100006 36.400002 1.000000e+25 & 1.286000e+01 & 
1940081412 277.100006 36.799999 1.000000e+25 & 1.286000e+01 & 
1940081418 278.200012 37.000000 1.000000e+25 & 1.286000e+01 & 
TRACK_ID  23 START_TIME 1940081112
POINT_NUM  23
1940081112 127.000000 15.000000 1.000000e+25 & 1.000000e+25 & 
1940081118 125.709999 14.310000 1.000000e+25 & 1.000000e+25 & 
1940081200 124.300003 13.600000 1.000000e+25 & 1.000000e+25 & 
1940081206 122.720001 12.950000 1.000000e+25 & 1.000000e+25 & 
1940081212 121.199997 12.800000 1.000000e+25 & 1.000000e+25 & 
1940081218 119.930000 13.740000 1.000000e+25 & 1.000000e+25 & 
1940081300 118.800003 14.700000 1.000000e+25 & 1.000000e+25 & 
1940081306 117.709999 14.510000 1.000000e+25 & 1.000000e+25 & 
1940081312 116.699997 14.000000 1.000000e+25 & 1.000000e+25 & 
1940081318 115.750000 13.700000 1.000000e+25 & 1.000000e+25 & 
1940081400 114.800003 13.700000 1.000000e+25 & 1.000000e+25 & 
1940081406 113.750000 14.210000 1.000000e+25 & 1.000000e+25 & 
1940081412 112.699997 15.000000 1.000000e+25 & 1.000000e+25 & 
1940081418 111.690002 15.970000 1.000000e+25 & 1.000000e+25 & 
1940081500 110.800003 16.600000 1.000000e+25 & 1.000000e+25 & 
1940081506 110.120003 16.139999 1.000000e+25 & 1.000000e+25 & 
1940081512 109.500000 15.600000 1.000000e+25 & 1.000000e+25 & 
1940081518 108.720001 16.020000 1.000000e+25 & 1.000000e+25 & 
1940081600 108.000000 16.700001 1.000000e+25 & 1.000000e+25 & 
1940081606 107.489998 17.040001 1.000000e+25 & 1.000000e+25 & 
1940081612 107.099998 17.400000 1.000000e+25 & 1.000000e+25 & 
1940081618 106.750000 17.940001 1.000000e+25 & 1.000000e+25 & 
1940081700 106.400002 18.600000 1.000000e+25 & 1.000000e+25 & 
TRACK_ID  27 START_TIME 1940082000
POINT_NUM  25
1940082000 87.099998 19.000000 1.000000e+25 & 1.000000e+25 & 
1940082006 87.099998 19.010000 1.000000e+25 & 1.000000e+25 & 
1940082012 87.089996 19.010000 1.000000e+25 & 1.000000e+25 & 
1940082018 87.110001 18.980000 1.000000e+25 & 1.000000e+25 & 
1940082100 87.120003 18.969999 1.000000e+25 & 1.000000e+25 & 
1940082106 86.949997 19.230000 1.000000e+25 & 1.000000e+25 & 
1940082112 86.589996 19.770000 1.000000e+25 & 1.000000e+25 & 
1940082118 86.199997 20.270000 1.000000e+25 & 1.000000e+25 & 
1940082200 85.790001 20.709999 1.000000e+25 & 1.000000e+25 & 
1940082206 85.540001 20.910000 1.000000e+25 & 1.000000e+25 & 
1940082212 85.339996 21.070000 1.000000e+25 & 1.000000e+25 & 
1940082218 85.180000 21.230000 1.000000e+25 & 1.000000e+25 & 
1940082300 85.010002 21.350000 1.000000e+25 & 1.000000e+25 & 
1940082306 84.190002 21.680000 1.000000e+25 & 1.000000e+25 & 
1940082312 83.089996 22.010000 1.000000e+25 & 1.000000e+25 & 
1940082318 82.110001 22.320000 1.000000e+25 & 1.000000e+25 & 
1940082400 81.220001 22.620001 1.000000e+25 & 1.000000e+25 & 
1940082406 80.330002 23.000000 1.000000e+25 & 1.000000e+25 & 
1940082412 79.500000 23.400000 1.000000e+25 & 1.000000e+25 & 
1940082418 78.760002 23.730000 1.000000e+25 & 1.000000e+25 & 
1940082500 78.050003 24.030001 1.000000e+25 & 1.000000e+25 & 
1940082506 77.510002 24.320000 1.000000e+25 & 1.000000e+25 & 
1940082512 77.019997 24.540001 1.000000e+25 & 1.000000e+25 & 
1940082518 76.489998 24.799999 1.000000e+25 & 1.000000e+25 & 
1940082600 75.910004 25.020000 1.000000e+25 & 1.000000e+25 & 
TRACK_ID  29 START_TIME 1940082400
POINT_NUM  42
1940082400 149.110001 11.530000 1.000000e+25 & 1.000000e+25 & 
1940082406 146.800003 12.410000 1.000000e+25 & 1.000000e+25 & 
1940082412 144.669998 12.840000 1.000000e+25 & 1.000000e+25 & 
1940082418 142.940002 12.890000 1.000000e+25 & 1.000000e+25 & 
1940082500 141.889999 12.980000 1.000000e+25 & 1.000000e+25 & 
1940082506 141.399994 13.230000 1.000000e+25 & 1.000000e+25 & 
1940082512 140.570007 13.590000 1.000000e+25 & 1.000000e+25 & 
1940082518 139.279999 14.040000 1.000000e+25 & 1.000000e+25 & 
1940082600 138.000000 14.580000 1.000000e+25 & 1.000000e+25 & 
1940082606 136.729996 15.140000 1.000000e+25 & 1.000000e+25 & 
1940082612 135.080002 15.630000 1.000000e+25 & 1.000000e+25 & 
1940082618 133.179993 15.980000 1.000000e+25 & 1.000000e+25 & 
1940082700 131.949997 16.160000 1.000000e+25 & 1.000000e+25 & 
1940082706 131.360001 16.219999 1.000000e+25 & 1.000000e+25 & 
1940082712 130.350006 16.450001 1.000000e+25 & 1.000000e+25 & 
1940082718 128.860001 16.860001 1.000000e+25 & 1.000000e+25 & 
1940082800 127.730003 17.330000 1.000000e+25 & 1.000000e+25 & 
1940082806 127.019997 17.840000 1.000000e+25 & 1.000000e+25 & 
1940082812 126.309998 18.330000 1.000000e+25 & 1.000000e+25 & 
1940082818 125.550003 18.820000 1.000000e+25 & 1.000000e+25 & 
1940082900 124.889999 19.410000 1.000000e+25 & 1.000000e+25 & 
1940082906 124.320000 20.110001 1.000000e+25 & 1.000000e+25 & 
1940082912 123.580002 20.930000 1.000000e+25 & 1.000000e+25 & 
1940082918 122.739998 21.809999 1.000000e+25 & 1.000000e+25 & 
1940083000 122.199997 22.490000 1.000000e+25 & 1.000000e+25 & 
1940083006 121.989998 23.010000 1.000000e+25 & 1.000000e+25 & 
1940083012 121.739998 23.730000 1.000000e+25 & 1.000000e+25 & 
1940083018 121.389999 24.639999 1.000000e+25 & 1.000000e+25 & 
1940083100 121.050003 25.139999 1.000000e+25 & 1.000000e+25 & 
1940083106 120.690002 25.260000 1.000000e+25 & 1.000000e+25 & 
1940083112 119.910004 25.760000 1.000000e+25 & 1.000000e+25 & 
1940083118 118.820000 26.670000 1.000000e+25 & 1.000000e+25 & 
1940090100 118.160004 27.309999 1.000000e+25 & 1.000000e+25 & 
1940090106 118.110001 27.719999 1.000000e+25 & 1.000000e+25 & 
1940090112 118.669998 28.840000 1.000000e+25 & 1.000000e+25 & 
1940090118 119.709999 30.580000 1.000000e+25 & 1.000000e+25 & 
1940090200 120.370003 31.670000 1.000000e+25 & 1.000000e+25 & 
1940090206 120.639999 32.029999 1.000000e+25 & 1.000000e+25 & 
1940090212 121.790001 32.560001 1.000000e+25 & 1.000000e+25 & 
1940090218 123.790001 33.270000 1.000000e+25 & 1.000000e+25 & 
1940090300 125.389999 33.599998 1.000000e+25 & 1.000000e+25 & 
1940090306 126.220001 33.509998 1.000000e+25 & 1.000000e+25 & 
TRACK_ID  37 START_TIME 1940090412
POINT_NUM  3
1940090412 147.100006 20.799999 1.000000e+25 & 1.000000e+25 & 
1940090418 144.699997 20.969999 1.000000e+25 & 1.000000e+25 & 
1940090500 142.300003 21.100000 1.000000e+25 & 1.000000e+25 & 
TRACK_ID  30 START_TIME 1940082600
POINT_NUM  17
1940082600 89.599998 21.799999 1.000000e+25 & 1.000000e+25 & 
1940082606 89.419998 21.799999 1.000000e+25 & 1.000000e+25 & 
1940082612 89.080002 21.809999 1.000000e+25 & 1.000000e+25 & 
1940082618 88.769997 21.790001 1.000000e+25 & 1.000000e+25 & 
1940082700 88.470001 21.770000 1.000000e+25 & 1.000000e+25 & 
1940082706 88.190002 22.010000 1.000000e+25 & 1.000000e+25 & 
1940082712 88.040001 22.400000 1.000000e+25 & 1.000000e+25 & 
1940082718 87.940002 22.730000 1.000000e+25 & 1.000000e+25 & 
1940082800 87.790001 23.030001 1.000000e+25 & 1.000000e+25 & 
1940082806 87.139999 23.320000 1.000000e+25 & 1.000000e+25 & 
1940082812 86.239998 23.540001 1.000000e+25 & 1.000000e+25 & 
1940082818 85.379997 23.760000 1.000000e+25 & 1.000000e+25 & 
1940082900 84.580002 24.030001 1.000000e+25 & 1.000000e+25 & 
1940082906 84.000000 24.330000 1.000000e+25 & 1.000000e+25 & 
1940082912 83.500000 24.709999 1.000000e+25 & 1.000000e+25 & 
1940082918 83.120003 25.030001 1.000000e+25 & 1.000000e+25 & 
1940083000 82.809998 25.389999 1.000000e+25 & 1.000000e+25 & 
TRACK_ID  31 START_TIME 1940082612
POINT_NUM  34
1940082612 294.700012 26.200001 1.000000e+25 & 1.286000e+01 & 
1940082618 294.500000 26.400000 1.000000e+25 & 1.286000e+01 & 
1940082700 294.200012 26.600000 1.000000e+25 & 1.286000e+01 & 
1940082706 294.000000 26.799999 1.000000e+25 & 1.286000e+01 & 
1940082712 293.700012 27.000000 1.000000e+25 & 1.286000e+01 & 
1940082718 293.399994 27.200001 1.000000e+25 & 1.286000e+01 & 
1940082800 293.100006 27.400000 1.000000e+25 & 1.286000e+01 & 
1940082806 292.899994 27.500000 1.000000e+25 & 1.543000e+01 & 
1940082812 292.600006 27.600000 1.000000e+25 & 1.543000e+01 & 
1940082818 292.299988 27.799999 1.000000e+25 & 1.801000e+01 & 
1940082900 292.000000 28.000000 1.000000e+25 & 2.058000e+01 & 
1940082906 291.600006 28.200001 1.000000e+25 & 2.315000e+01 & 
1940082912 291.200012 28.400000 1.000000e+25 & 2.572000e+01 & 
1940082918 290.700012 28.600000 1.000000e+25 & 2.829000e+01 & 
1940083000 290.200012 28.900000 1.000000e+25 & 3.087000e+01 & 
1940083006 289.600006 29.400000 1.000000e+25 & 3.344000e+01 & 
1940083012 288.899994 30.100000 1.000000e+25 & 3.858000e+01 & 
1940083018 288.000000 30.799999 1.000000e+25 & 4.116000e+01 & 
1940083100 287.200012 31.500000 1.000000e+25 & 4.116000e+01 & 
1940083106 286.700012 32.000000 1.000000e+25 & 4.116000e+01 & 
1940083112 286.299988 32.400002 1.000000e+25 & 4.373000e+01 & 
1940083118 286.100006 33.000000 1.000000e+25 & 4.373000e+01 & 
1940090100 285.799988 33.700001 1.000000e+25 & 4.630000e+01 & 
1940090106 285.700012 34.500000 1.000000e+25 & 4.887000e+01 & 
1940090112 286.500000 35.200001 1.000000e+25 & 4.887000e+01 & 
1940090118 287.500000 36.500000 1.000000e+25 & 4.630000e+01 & 
1940090200 288.700012 38.099998 9.610000e+02 & 4.630000e+01 & 
1940090206 290.000000 39.799999 1.000000e+25 & 4.116000e+01 & 
1940090212 291.500000 41.700001 1.000000e+25 & 3.601000e+01 & 
1940090218 293.200012 43.500000 1.000000e+25 & 3.087000e+01 & 
1940090300 294.299988 45.299999 1.000000e+25 & 2.829000e+01 & 
1940090306 295.000000 47.099998 1.000000e+25 & 2.315000e+01 & 
1940090312 295.600006 48.900002 1.000000e+25 & 1.801000e+01 & 
1940090318 296.799988 50.799999 1.000000e+25 & 1.286000e+01 & 
TRACK_ID  36 START_TIME 1940090312
POINT_NUM  3
1940090312 114.500000 16.700001 1.000000e+25 & 1.000000e+25 & 
1940090318 115.900002 16.950001 1.000000e+25 & 1.000000e+25 & 
1940090400 117.300003 17.200001 1.000000e+25 & 1.000000e+25 & 
TRACK_ID  42 START_TIME 1940091500
POINT_NUM  29
1940091500 86.699997 16.600000 1.000000e+25 & 1.000000e+25 & 
1940091506 86.680000 16.600000 1.000000e+25 & 1.000000e+25 & 
1940091512 86.669998 16.610001 1.000000e+25 & 1.000000e+25 & 
1940091518 86.750000 16.590000 1.000000e+25 & 1.000000e+25 & 
1940091600 86.800003 16.570000 1.000000e+25 & 1.000000e+25 & 
1940091606 85.959999 16.809999 1.000000e+25 & 1.000000e+25 & 
1940091612 84.389999 17.200001 1.000000e+25 & 1.000000e+25 & 
1940091618 82.959999 17.600000 1.000000e+25 & 1.000000e+25 & 
1940091700 81.629997 18.000000 1.000000e+25 & 1.000000e+25 & 
1940091706 80.370003 18.389999 1.000000e+25 & 1.000000e+25 & 
1940091712 79.089996 18.709999 1.000000e+25 & 1.000000e+25 & 
1940091718 78.019997 19.040001 1.000000e+25 & 1.000000e+25 & 
1940091800 77.099998 19.410000 1.000000e+25 & 1.000000e+25 & 
1940091806 76.430000 19.790001 1.000000e+25 & 1.000000e+25 & 
1940091812 75.910004 20.190001 1.000000e+25 & 1.000000e+25 & 
1940091818 75.480003 20.670000 1.000000e+25 & 1.000000e+25 & 
1940091900 75.010002 21.100000 1.000000e+25 & 1.000000e+25 & 
1940091906 74.519997 21.440001 1.000000e+25 & 1.000000e+25 & 
1940091912 74.019997 21.600000 1.000000e+25 & 1.000000e+25 & 
1940091918 73.550003 21.459999 1.000000e+25 & 1.000000e+25 & 
1940092000 73.190002 21.090000 1.000000e+25 & 1.000000e+25 & 
1940092006 73.629997 20.650000 1.000000e+25 & 1.000000e+25 & 
1940092012 74.650002 20.500000 1.000000e+25 & 1.000000e+25 & 
1940092018 75.419998 20.840000 1.000000e+25 & 1.000000e+25 & 
1940092100 76.099998 21.520000 1.000000e+25 & 1.000000e+25 & 
1940092106 77.089996 22.150000 1.000000e+25 & 1.000000e+25 & 
1940092112 78.199997 22.690001 1.000000e+25 & 1.000000e+25 & 
1940092118 79.309998 23.030001 1.000000e+25 & 1.000000e+25 & 
1940092200 80.419998 23.240000 1.000000e+25 & 1.000000e+25 & 
TRACK_ID  35 START_TIME 1940090212
POINT_NUM  15
1940090212 138.800003 15.400000 1.000000e+25 & 1.000000e+25 & 
1940090218 138.460007 17.139999 1.000000e+25 & 1.000000e+25 & 
1940090300 137.699997 18.299999 1.000000e+25 & 1.000000e+25 & 
1940090306 136.309998 18.540001 1.000000e+25 & 1.000000e+25 & 
1940090312 134.899994 18.600000 1.000000e+25 & 1.000000e+25 & 
1940090318 133.949997 19.440001 1.000000e+25 & 1.000000e+25 & 
1940090400 133.600006 20.299999 1.000000e+25 & 1.000000e+25 & 
1940090406 133.990005 20.620001 1.000000e+25 & 1.000000e+25 & 
1940090412 134.800003 20.700001 1.000000e+25 & 1.000000e+25 & 
1940090418 135.520004 20.709999 1.000000e+25 & 1.000000e+25 & 
1940090500 136.300003 20.799999 1.000000e+25 & 1.000000e+25 & 
1940090506 137.199997 21.139999 1.000000e+25 & 1.000000e+25 & 
1940090512 137.899994 21.700001 1.000000e+25 & 1.000000e+25 & 
1940090518 138.139999 22.450001 1.000000e+25 & 1.000000e+25 & 
1940090600 138.100006 23.299999 1.000000e+25 & 1.000000e+25 & 
TRACK_ID  38 START_TIME 1940090412
POINT_NUM  7
1940090412 129.500000 23.700001 1.000000e+25 & 1.000000e+25 & 
1940090418 128.270004 22.440001 1.000000e+25 & 1.000000e+25 & 
1940090500 128.000000 21.500000 1.000000e+25 & 1.000000e+25 & 
1940090506 129.220001 21.110001 1.000000e+25 & 1.000000e+25 & 
1940090512 131.000000 21.200001 1.000000e+25 & 1.000000e+25 & 
1940090518 132.330002 21.610001 1.000000e+25 & 1.000000e+25 & 
1940090600 133.300003 22.200001 1.000000e+25 & 1.000000e+25 & 
TRACK_ID  39 START_TIME 1940090718
POINT_NUM  49
1940090718 312.700012 15.200000 1.000000e+25 & 1.286000e+01 & 
1940090800 311.600006 15.400000 1.000000e+25 & 1.286000e+01 & 
1940090806 310.500000 15.700000 1.000000e+25 & 1.286000e+01 & 
1940090812 309.500000 16.200001 1.000000e+25 & 1.286000e+01 & 
1940090818 308.600006 16.700001 1.000000e+25 & 1.286000e+01 & 
1940090900 307.700012 17.200001 1.000000e+25 & 1.543000e+01 & 
1940090906 306.799988 17.700001 1.000000e+25 & 1.543000e+01 & 
1940090912 305.899994 18.200001 1.000000e+25 & 1.543000e+01 & 
1940090918 305.000000 18.700001 1.000000e+25 & 1.543000e+01 & 
1940091000 304.100006 19.100000 1.000000e+25 & 1.543000e+01 & 
1940091006 303.200012 19.400000 1.000000e+25 & 1.801000e+01 & 
1940091012 302.299988 19.600000 1.000000e+25 & 1.801000e+01 & 
1940091018 301.500000 19.700001 1.000000e+25 & 1.801000e+01 & 
1940091100 300.700012 19.799999 1.000000e+25 & 2.058000e+01 & 
1940091106 299.899994 19.900000 1.000000e+25 & 2.058000e+01 & 
1940091112 299.000000 20.100000 1.000000e+25 & 2.315000e+01 & 
1940091118 297.799988 20.400000 1.000000e+25 & 2.315000e+01 & 
1940091200 296.700012 20.700001 1.000000e+25 & 2.572000e+01 & 
1940091206 295.600006 21.100000 1.000000e+25 & 2.572000e+01 & 
1940091212 294.399994 21.500000 1.000000e+25 & 2.829000e+01 & 
1940091218 293.100006 21.799999 1.000000e+25 & 3.344000e+01 & 
1940091300 291.799988 22.200001 1.000000e+25 & 3.601000e+01 & 
1940091306 290.500000 22.600000 1.000000e+25 & 4.116000e+01 & 
1940091312 289.399994 23.200001 1.000000e+25 & 4.373000e+01 & 
1940091318 288.799988 24.000000 1.000000e+25 & 4.373000e+01 & 
1940091400 288.500000 25.299999 1.000000e+25 & 4.373000e+01 & 
1940091406 288.799988 26.600000 1.000000e+25 & 4.373000e+01 & 
1940091412 289.399994 27.799999 1.000000e+25 & 4.373000e+01 & 
1940091418 289.899994 29.000000 1.000000e+25 & 4.373000e+01 & 
1940091500 289.899994 30.100000 1.000000e+25 & 4.373000e+01 & 
1940091506 290.000000 31.400000 1.000000e+25 & 4.373000e+01 & 
1940091512 290.200012 32.799999 1.000000e+25 & 4.373000e+01 & 
1940091518 290.399994 34.200001 1.000000e+25 & 4.116000e+01 & 
1940091600 290.799988 35.700001 1.000000e+25 & 4.116000e+01 & 
1940091606 291.500000 37.299999 1.000000e+25 & 3.858000e+01 & 
1940091612 292.399994 39.000000 1.000000e+25 & 3.858000e+01 & 
1940091618 293.399994 40.799999 1.000000e+25 & 3.858000e+01 & 
1940091700 294.299988 43.000000 1.000000e+25 & 3.858000e+01 & 
1940091706 295.299988 45.200001 1.000000e+25 & 3.344000e+01 & 
1940091712 296.500000 46.500000 1.000000e+25 & 3.087000e+01 & 
1940091718 298.000000 47.400002 1.000000e+25 & 3.087000e+01 & 
1940091800 299.700012 47.700001 1.000000e+25 & 3.087000e+01 & 
1940091806 301.700012 47.900002 1.000000e+25 & 2.829000e+01 & 
1940091812 304.000000 48.000000 1.000000e+25 & 2.572000e+01 & 
1940091818 306.600006 48.099998 1.000000e+25 & 2.058000e+01 & 
1940091900 309.500000 48.200001 1.000000e+25 & 1.801000e+01 & 
1940091906 313.299988 48.400002 1.000000e+25 & 1.543000e+01 & 
1940091912 318.000000 48.799999 1.000000e+25 & 1.543000e+01 & 
1940091918 323.000000 49.500000 1.000000e+25 & 1.543000e+01 & 
TRACK_ID  41 START_TIME 1940091012
POINT_NUM  7
1940091012 127.199997 20.100000 1.000000e+25 & 1.000000e+25 & 
1940091018 126.639999 19.920000 1.000000e+25 & 1.000000e+25 & 
1940091100 126.500000 19.500000 1.000000e+25 & 1.000000e+25 & 
1940091106 127.010002 18.780001 1.000000e+25 & 1.000000e+25 & 
1940091112 127.599998 18.500000 1.000000e+25 & 1.000000e+25 & 
1940091118 127.720001 19.309999 1.000000e+25 & 1.000000e+25 & 
1940091200 127.500000 20.799999 1.000000e+25 & 1.000000e+25 & 
TRACK_ID  43 START_TIME 1940091800
POINT_NUM  13
1940091800 96.099998 13.900000 1.000000e+25 & 1.000000e+25 & 
1940091806 96.089996 13.910000 1.000000e+25 & 1.000000e+25 & 
1940091812 96.080002 13.910000 1.000000e+25 & 1.000000e+25 & 
1940091818 96.139999 13.870000 1.000000e+25 & 1.000000e+25 & 
1940091900 96.169998 13.850000 1.000000e+25 & 1.000000e+25 & 
1940091906 95.489998 14.260000 1.000000e+25 & 1.000000e+25 & 
1940091912 94.269997 14.990000 1.000000e+25 & 1.000000e+25 & 
1940091918 93.529999 15.870000 1.000000e+25 & 1.000000e+25 & 
1940092000 93.019997 16.790001 1.000000e+25 & 1.000000e+25 & 
1940092006 92.440002 17.469999 1.000000e+25 & 1.000000e+25 & 
1940092012 91.769997 18.070000 1.000000e+25 & 1.000000e+25 & 
1940092018 91.160004 18.610001 1.000000e+25 & 1.000000e+25 & 
1940092100 90.519997 19.110001 1.000000e+25 & 1.000000e+25 & 
TRACK_ID  44 START_TIME 1940091812
POINT_NUM  28
1940091812 278.500000 12.000000 1.000000e+25 & 1.286000e+01 & 
1940091818 278.100006 12.200000 1.000000e+25 & 1.286000e+01 & 
1940091900 277.600006 12.400000 1.000000e+25 & 1.543000e+01 & 
1940091906 277.100006 12.700000 1.000000e+25 & 1.801000e+01 & 
1940091912 276.600006 13.200000 1.000000e+25 & 2.058000e+01 & 
1940091918 275.899994 14.000000 1.000000e+25 & 1.801000e+01 & 
1940092000 275.200012 14.800000 1.000000e+25 & 1.543000e+01 & 
1940092006 274.600006 15.500000 1.000000e+25 & 1.543000e+01 & 
1940092012 274.000000 16.299999 1.000000e+25 & 1.801000e+01 & 
1940092018 273.299988 17.100000 1.000000e+25 & 2.058000e+01 & 
1940092100 272.600006 17.900000 1.000000e+25 & 2.315000e+01 & 
1940092106 271.799988 18.600000 1.000000e+25 & 2.058000e+01 & 
1940092112 271.000000 19.400000 1.000000e+25 & 1.543000e+01 & 
1940092118 270.000000 20.200001 1.000000e+25 & 1.543000e+01 & 
1940092200 269.000000 21.000000 1.000000e+25 & 1.543000e+01 & 
1940092206 268.000000 21.900000 1.000000e+25 & 1.801000e+01 & 
1940092212 267.000000 23.000000 1.000000e+25 & 2.058000e+01 & 
1940092218 266.100006 24.200001 1.000000e+25 & 2.058000e+01 & 
1940092300 265.299988 25.600000 1.000000e+25 & 2.058000e+01 & 
1940092306 264.899994 26.900000 1.000000e+25 & 2.058000e+01 & 
1940092312 264.899994 28.000000 1.000000e+25 & 2.058000e+01 & 
1940092318 265.000000 28.799999 1.000000e+25 & 2.058000e+01 & 
1940092400 265.500000 29.299999 1.000000e+25 & 2.058000e+01 & 
1940092406 266.200012 29.700001 1.000000e+25 & 2.058000e+01 & 
1940092412 267.100006 30.200001 1.004000e+03 & 1.801000e+01 & 
1940092418 268.200012 30.799999 1.000000e+25 & 1.543000e+01 & 
1940092500 269.500000 31.400000 1.000000e+25 & 1.029000e+01 & 
1940092506 271.500000 32.000000 1.000000e+25 & 7.720000e+00 & 
TRACK_ID  47 START_TIME 1940092900
POINT_NUM  25
1940092900 149.899994 14.400000 1.000000e+25 & 1.000000e+25 & 
1940092906 148.369995 14.150000 1.000000e+25 & 1.000000e+25 & 
1940092912 147.000000 14.000000 1.000000e+25 & 1.000000e+25 & 
1940092918 145.880005 14.050000 1.000000e+25 & 1.000000e+25 & 
1940093000 144.899994 14.300000 1.000000e+25 & 1.000000e+25 & 
1940093006 143.910004 14.760000 1.000000e+25 & 1.000000e+25 & 
1940093012 142.899994 15.200000 1.000000e+25 & 1.000000e+25 & 
1940093018 141.770004 15.300000 1.000000e+25 & 1.000000e+25 & 
1940100100 140.699997 15.300000 1.000000e+25 & 1.000000e+25 & 
1940100106 139.839996 15.400000 1.000000e+25 & 1.000000e+25 & 
1940100112 139.100006 15.600000 1.000000e+25 & 1.000000e+25 & 
1940100118 138.410004 15.870000 1.000000e+25 & 1.000000e+25 & 
1940100200 137.699997 16.299999 1.000000e+25 & 1.000000e+25 & 
1940100206 136.899994 16.959999 1.000000e+25 & 1.000000e+25 & 
1940100212 136.000000 17.600000 1.000000e+25 & 1.000000e+25 & 
1940100218 134.970001 17.990000 1.000000e+25 & 1.000000e+25 & 
1940100300 134.000000 18.100000 1.000000e+25 & 1.000000e+25 & 
1940100306 133.289993 17.889999 1.000000e+25 & 1.000000e+25 & 
1940100312 132.699997 17.500000 1.000000e+25 & 1.000000e+25 & 
1940100318 132.080002 17.129999 1.000000e+25 & 1.000000e+25 & 
1940100400 131.500000 16.799999 1.000000e+25 & 1.000000e+25 & 
1940100406 131.000000 16.570000 1.000000e+25 & 1.000000e+25 & 
1940100412 130.500000 16.400000 1.000000e+25 & 1.000000e+25 & 
1940100418 129.929993 16.250000 1.000000e+25 & 1.000000e+25 & 
1940100500 129.300003 16.100000 1.000000e+25 & 1.000000e+25 & 
TRACK_ID  45 START_TIME 1940092200
POINT_NUM  27
1940092200 310.600006 29.299999 1.000000e+25 & 2.572000e+01 & 
1940092206 312.399994 29.500000 1.000000e+25 & 2.829000e+01 & 
1940092212 314.500000 30.000000 1.000000e+25 & 3.087000e+01 & 
1940092218 317.000000 31.000000 1.000000e+25 & 3.344000e+01 & 
1940092300 320.000000 33.000000 1.000000e+25 & 3.858000e+01 & 
1940092306 323.200012 35.200001 1.000000e+25 & 4.116000e+01 & 
1940092312 326.000000 37.000000 1.000000e+25 & 4.373000e+01 & 
1940092318 328.500000 37.599998 1.000000e+25 & 4.373000e+01 & 
1940092400 330.700012 37.900002 1.000000e+25 & 4.373000e+01 & 
1940092406 332.700012 38.000000 1.000000e+25 & 4.116000e+01 & 
1940092412 333.799988 38.000000 1.000000e+25 & 4.116000e+01 & 
1940092418 334.100006 38.099998 1.000000e+25 & 3.858000e+01 & 
1940092500 334.000000 38.299999 1.000000e+25 & 3.601000e+01 & 
1940092506 333.500000 38.500000 9.840000e+02 & 3.344000e+01 & 
1940092512 332.500000 38.700001 1.000000e+25 & 3.344000e+01 & 
1940092518 331.399994 38.900002 1.000000e+25 & 3.087000e+01 & 
1940092600 330.299988 39.099998 1.000000e+25 & 2.829000e+01 & 
1940092606 329.000000 39.299999 1.000000e+25 & 2.829000e+01 & 
1940092612 327.500000 39.500000 1.000000e+25 & 2.829000e+01 & 
1940092618 325.799988 39.700001 1.000000e+25 & 2.829000e+01 & 
1940092700 323.799988 39.799999 1.000000e+25 & 2.572000e+01 & 
1940092706 321.799988 39.900002 1.000000e+25 & 2.315000e+01 & 
1940092712 320.000000 40.000000 1.000000e+25 & 2.058000e+01 & 
1940092718 319.000000 40.099998 1.000000e+25 & 1.801000e+01 & 
1940092800 318.500000 40.200001 1.000000e+25 & 1.801000e+01 & 
1940092806 318.200012 40.299999 1.000000e+25 & 1.543000e+01 & 
1940092812 318.000000 40.500000 1.000000e+25 & 1.543000e+01 & 
TRACK_ID  52 START_TIME 1940102000
POINT_NUM  9
1940102000 86.800003 17.700001 1.000000e+25 & 1.000000e+25 & 
1940102006 86.730003 18.270000 1.000000e+25 & 1.000000e+25 & 
1940102012 86.860001 18.930000 1.000000e+25 & 1.000000e+25 & 
1940102018 87.180000 19.610001 1.000000e+25 & 1.000000e+25 & 
1940102100 87.660004 20.230000 1.000000e+25 & 1.000000e+25 & 
1940102106 88.239998 21.059999 1.000000e+25 & 1.000000e+25 & 
1940102112 88.839996 21.889999 1.000000e+25 & 1.000000e+25 & 
1940102118 89.440002 22.610001 1.000000e+25 & 1.000000e+25 & 
1940102200 90.080002 23.200001 1.000000e+25 & 1.000000e+25 & 
TRACK_ID  46 START_TIME 1940092212
POINT_NUM  39
1940092212 150.000000 11.900000 1.000000e+25 & 1.000000e+25 & 
1940092218 146.279999 11.320000 1.000000e+25 & 1.000000e+25 & 
1940092300 143.600006 11.100000 1.000000e+25 & 1.000000e+25 & 
1940092306 142.589996 11.520000 1.000000e+25 & 1.000000e+25 & 
1940092312 142.300003 12.200000 1.000000e+25 & 1.000000e+25 & 
1940092318 141.539993 12.640000 1.000000e+25 & 1.000000e+25 & 
1940092400 140.699997 13.100000 1.000000e+25 & 1.000000e+25 & 
1940092406 139.779999 13.700000 1.000000e+25 & 1.000000e+25 & 
1940092412 138.800003 14.300000 1.000000e+25 & 1.000000e+25 & 
1940092418 137.779999 14.810000 1.000000e+25 & 1.000000e+25 & 
1940092500 136.800003 15.200000 1.000000e+25 & 1.000000e+25 & 
1940092506 135.940002 15.460000 1.000000e+25 & 1.000000e+25 & 
1940092512 135.100006 15.600000 1.000000e+25 & 1.000000e+25 & 
1940092518 134.210007 15.640000 1.000000e+25 & 1.000000e+25 & 
1940092600 133.300003 15.700000 1.000000e+25 & 1.000000e+25 & 
1940092606 132.350006 15.890000 1.000000e+25 & 1.000000e+25 & 
1940092612 131.399994 16.200001 1.000000e+25 & 1.000000e+25 & 
1940092618 130.479996 16.620001 1.000000e+25 & 1.000000e+25 & 
1940092700 129.600006 17.100000 1.000000e+25 & 1.000000e+25 & 
1940092706 128.770004 17.530001 1.000000e+25 & 1.000000e+25 & 
1940092712 128.000000 18.000000 1.000000e+25 & 1.000000e+25 & 
1940092718 127.269997 18.530001 1.000000e+25 & 1.000000e+25 & 
1940092800 126.599998 19.100000 1.000000e+25 & 1.000000e+25 & 
1940092806 126.010002 19.700001 1.000000e+25 & 1.000000e+25 & 
1940092812 125.400002 20.299999 1.000000e+25 & 1.000000e+25 & 
1940092818 124.699997 20.910000 1.000000e+25 & 1.000000e+25 & 
1940092900 123.900002 21.400000 1.000000e+25 & 1.000000e+25 & 
1940092906 122.989998 21.639999 1.000000e+25 & 1.000000e+25 & 
1940092912 122.000000 21.799999 1.000000e+25 & 1.000000e+25 & 
1940092918 120.910004 22.049999 1.000000e+25 & 1.000000e+25 & 
1940093000 119.900002 22.400000 1.000000e+25 & 1.000000e+25 & 
1940093006 119.099998 22.870001 1.000000e+25 & 1.000000e+25 & 
1940093012 118.500000 23.500000 1.000000e+25 & 1.000000e+25 & 
1940093018 117.870003 24.299999 1.000000e+25 & 1.000000e+25 & 
1940100100 117.699997 25.200001 1.000000e+25 & 1.000000e+25 & 
1940100106 118.290001 26.150000 1.000000e+25 & 1.000000e+25 & 
1940100112 119.400002 27.000000 1.000000e+25 & 1.000000e+25 & 
1940100118 120.669998 27.580000 1.000000e+25 & 1.000000e+25 & 
1940100200 122.000000 28.000000 1.000000e+25 & 1.000000e+25 & 
TRACK_ID  49 START_TIME 1940101000
POINT_NUM  29
1940101000 71.699997 12.600000 1.000000e+25 & 1.000000e+25 & 
1940101006 71.470001 12.830000 1.000000e+25 & 1.000000e+25 & 
1940101012 71.269997 13.110000 1.000000e+25 & 1.000000e+25 & 
1940101018 70.980003 13.500000 1.000000e+25 & 1.000000e+25 & 
1940101100 70.739998 13.840000 1.000000e+25 & 1.000000e+25 & 
1940101106 70.680000 13.930000 1.000000e+25 & 1.000000e+25 & 
1940101112 70.690002 13.910000 1.000000e+25 & 1.000000e+25 & 
1940101118 70.709999 13.890000 1.000000e+25 & 1.000000e+25 & 
1940101200 70.709999 13.890000 1.000000e+25 & 1.000000e+25 & 
1940101206 70.570000 14.030000 1.000000e+25 & 1.000000e+25 & 
1940101212 70.440002 14.230000 1.000000e+25 & 1.000000e+25 & 
1940101218 70.320000 14.530000 1.000000e+25 & 1.000000e+25 & 
1940101300 70.220001 14.840000 1.000000e+25 & 1.000000e+25 & 
1940101306 70.190002 14.920000 1.000000e+25 & 1.000000e+25 & 
1940101312 70.199997 14.910000 1.000000e+25 & 1.000000e+25 & 
1940101318 70.199997 14.890000 1.000000e+25 & 1.000000e+25 & 
1940101400 70.199997 14.880000 1.000000e+25 & 1.000000e+25 & 
1940101406 70.199997 15.040000 1.000000e+25 & 1.000000e+25 & 
1940101412 70.199997 15.330000 1.000000e+25 & 1.000000e+25 & 
1940101418 70.180000 15.540000 1.000000e+25 & 1.000000e+25 & 
1940101500 70.160004 15.810000 1.000000e+25 & 1.000000e+25 & 
1940101506 70.480003 16.400000 1.000000e+25 & 1.000000e+25 & 
1940101512 71.040001 17.120001 1.000000e+25 & 1.000000e+25 & 
1940101518 71.800003 17.680000 1.000000e+25 & 1.000000e+25 & 
1940101600 72.550003 18.170000 1.000000e+25 & 1.000000e+25 & 
1940101606 72.879997 18.830000 1.000000e+25 & 1.000000e+25 & 
1940101612 72.910004 19.610001 1.000000e+25 & 1.000000e+25 & 
1940101618 72.889999 20.250000 1.000000e+25 & 1.000000e+25 & 
1940101700 72.889999 20.820000 1.000000e+25 & 1.000000e+25 & 
TRACK_ID  48 START_TIME 1940100812
POINT_NUM  23
1940100812 119.000000 14.000000 1.000000e+25 & 1.000000e+25 & 
1940100818 118.800003 14.600000 1.000000e+25 & 1.000000e+25 & 
1940100900 118.400002 15.000000 1.000000e+25 & 1.000000e+25 & 
1940100906 117.720001 15.040000 1.000000e+25 & 1.000000e+25 & 
1940100912 117.000000 14.800000 1.000000e+25 & 1.000000e+25 & 
1940100918 116.570000 14.410000 1.000000e+25 & 1.000000e+25 & 
1940101000 116.199997 13.900000 1.000000e+25 & 1.000000e+25 & 
1940101006 115.709999 13.310000 1.000000e+25 & 1.000000e+25 & 
1940101012 115.199997 12.900000 1.000000e+25 & 1.000000e+25 & 
1940101018 114.680000 12.880000 1.000000e+25 & 1.000000e+25 & 
1940101100 114.199997 13.200000 1.000000e+25 & 1.000000e+25 & 
1940101106 113.830002 13.770000 1.000000e+25 & 1.000000e+25 & 
1940101112 113.500000 14.500000 1.000000e+25 & 1.000000e+25 & 
1940101118 113.139999 15.240000 1.000000e+25 & 1.000000e+25 & 
1940101200 112.699997 15.900000 1.000000e+25 & 1.000000e+25 & 
1940101206 112.160004 16.379999 1.000000e+25 & 1.000000e+25 & 
1940101212 111.500000 16.700001 1.000000e+25 & 1.000000e+25 & 
1940101218 110.720001 16.840000 1.000000e+25 & 1.000000e+25 & 
1940101300 109.900002 17.000000 1.000000e+25 & 1.000000e+25 & 
1940101306 109.139999 17.510000 1.000000e+25 & 1.000000e+25 & 
1940101312 108.400002 18.000000 1.000000e+25 & 1.000000e+25 & 
1940101318 107.650002 18.200001 1.000000e+25 & 1.000000e+25 & 
1940101400 106.900002 18.200001 1.000000e+25 & 1.000000e+25 & 
TRACK_ID  51 START_TIME 1940102000
POINT_NUM  19
1940102000 280.899994 12.000000 1.000000e+25 & 1.543000e+01 & 
1940102006 280.700012 12.000000 1.000000e+25 & 1.543000e+01 & 
1940102012 280.500000 12.000000 1.000000e+25 & 1.543000e+01 & 
1940102018 280.299988 12.000000 1.000000e+25 & 1.801000e+01 & 
1940102100 280.100006 12.100000 1.000000e+25 & 2.058000e+01 & 
1940102106 279.899994 12.100000 1.000000e+25 & 2.315000e+01 & 
1940102112 279.600006 12.200000 1.000000e+25 & 2.572000e+01 & 
1940102118 279.399994 12.400000 9.930000e+02 & 2.829000e+01 & 
1940102200 279.100006 12.700000 1.000000e+25 & 3.087000e+01 & 
1940102206 278.799988 13.100000 1.000000e+25 & 3.344000e+01 & 
1940102212 278.500000 13.400000 1.000000e+25 & 3.601000e+01 & 
1940102218 278.200012 13.700000 1.000000e+25 & 3.601000e+01 & 
1940102300 277.899994 14.000000 1.000000e+25 & 3.601000e+01 & 
1940102306 277.600006 14.100000 1.000000e+25 & 3.601000e+01 & 
1940102312 277.200012 14.200000 1.000000e+25 & 3.601000e+01 & 
1940102318 276.700012 14.000000 1.000000e+25 & 3.601000e+01 & 
1940102400 276.100006 13.700000 1.000000e+25 & 2.572000e+01 & 
1940102406 275.399994 13.300000 1.000000e+25 & 1.801000e+01 & 
1940102412 274.700012 12.800000 1.000000e+25 & 1.286000e+01 & 
TRACK_ID  53 START_TIME 1940102418
POINT_NUM  21
1940102418 287.500000 22.000000 1.000000e+25 & 1.801000e+01 & 
1940102500 287.799988 22.500000 1.000000e+25 & 1.801000e+01 & 
1940102506 288.299988 23.500000 1.000000e+25 & 2.058000e+01 & 
1940102512 289.500000 25.000000 1.000000e+25 & 2.058000e+01 & 
1940102518 292.000000 26.700001 1.000000e+25 & 2.058000e+01 & 
1940102600 296.000000 29.500000 1.000000e+25 & 2.058000e+01 & 
1940102606 301.000000 33.500000 1.000000e+25 & 2.315000e+01 & 
1940102612 304.000000 36.500000 1.000000e+25 & 2.572000e+01 & 
1940102618 306.500000 39.000000 1.000000e+25 & 2.829000e+01 & 
1940102700 308.000000 41.000000 1.000000e+25 & 3.087000e+01 & 
1940102706 309.000000 43.000000 1.000000e+25 & 3.344000e+01 & 
1940102712 310.000000 45.000000 1.000000e+25 & 3.601000e+01 & 
1940102718 310.399994 46.500000 1.000000e+25 & 3.601000e+01 & 
1940102800 310.600006 47.200001 1.000000e+25 & 3.601000e+01 & 
1940102806 310.700012 47.700001 1.000000e+25 & 3.344000e+01 & 
1940102812 311.000000 48.000000 1.000000e+25 & 3.087000e+01 & 
1940102818 312.000000 48.299999 1.000000e+25 & 2.829000e+01 & 
1940102900 313.500000 48.599998 1.000000e+25 & 2.572000e+01 & 
1940102906 315.200012 48.799999 1.000000e+25 & 2.315000e+01 & 
1940102912 317.000000 49.000000 1.000000e+25 & 2.058000e+01 & 
1940102918 319.000000 49.200001 1.000000e+25 & 2.058000e+01 & 
TRACK_ID  55 START_TIME 1940110300
POINT_NUM  33
1940110300 73.900002 9.800000 1.000000e+25 & 1.000000e+25 & 
1940110306 73.559998 9.800000 1.000000e+25 & 1.000000e+25 & 
1940110312 73.029999 9.800000 1.000000e+25 & 1.000000e+25 & 
1940110318 72.459999 9.800000 1.000000e+25 & 1.000000e+25 & 
1940110400 71.930000 9.800000 1.000000e+25 & 1.000000e+25 & 
1940110406 71.500000 9.810000 1.000000e+25 & 1.000000e+25 & 
1940110412 71.110001 9.890000 1.000000e+25 & 1.000000e+25 & 
1940110418 70.559998 9.900000 1.000000e+25 & 1.000000e+25 & 
1940110500 69.959999 9.900000 1.000000e+25 & 1.000000e+25 & 
1940110506 69.349998 9.910000 1.000000e+25 & 1.000000e+25 & 
1940110512 68.760002 9.980000 1.000000e+25 & 1.000000e+25 & 
1940110518 68.089996 10.070000 1.000000e+25 & 1.000000e+25 & 
1940110600 67.389999 10.180000 1.000000e+25 & 1.000000e+25 & 
1940110606 66.610001 10.210000 1.000000e+25 & 1.000000e+25 & 
1940110612 65.800003 10.280000 1.000000e+25 & 1.000000e+25 & 
1940110618 65.000000 10.380000 1.000000e+25 & 1.000000e+25 & 
1940110700 64.199997 10.560000 1.000000e+25 & 1.000000e+25 & 
1940110706 63.410000 10.680000 1.000000e+25 & 1.000000e+25 & 
1940110712 62.680000 10.860000 1.000000e+25 & 1.000000e+25 & 
1940110718 61.970001 11.050000 1.000000e+25 & 1.000000e+25 & 
1940110800 61.279999 11.320000 1.000000e+25 & 1.000000e+25 & 
1940110806 60.509998 11.690000 1.000000e+25 & 1.000000e+25 & 
1940110812 59.790001 12.090000 1.000000e+25 & 1.000000e+25 & 
1940110818 58.939999 12.640000 1.000000e+25 & 1.000000e+25 & 
1940110900 58.320000 13.110000 1.000000e+25 & 1.000000e+25 & 
1940110906 58.150002 13.240000 1.000000e+25 & 1.000000e+25 & 
1940110912 58.169998 13.220000 1.000000e+25 & 1.000000e+25 & 
1940110918 58.209999 13.180000 1.000000e+25 & 1.000000e+25 & 
1940111000 58.220001 13.170000 1.000000e+25 & 1.000000e+25 & 
1940111006 58.040001 13.420000 1.000000e+25 & 1.000000e+25 & 
1940111012 57.740002 13.880000 1.000000e+25 & 1.000000e+25 & 
1940111018 57.700001 14.350000 1.000000e+25 & 1.000000e+25 & 
1940111100 57.910000 14.750000 1.000000e+25 & 1.000000e+25 & 
TRACK_ID  54 START_TIME 1940102900
POINT_NUM  50
1940102900 155.610001 11.110000 1.000000e+25 & 1.000000e+25 & 
1940102906 154.660004 11.040000 1.000000e+25 & 1.000000e+25 & 
1940102912 154.339996 11.260000 1.000000e+25 & 1.000000e+25 & 
1940102918 154.610001 11.740000 1.000000e+25 & 1.000000e+25 & 
1940103000 154.889999 12.200000 1.000000e+25 & 1.000000e+25 & 
1940103006 155.089996 12.590000 1.000000e+25 & 1.000000e+25 & 
1940103012 155.350006 13.050000 1.000000e+25 & 1.000000e+25 & 
1940103018 155.669998 13.560000 1.000000e+25 & 1.000000e+25 & 
1940103100 155.850006 14.040000 1.000000e+25 & 1.000000e+25 & 
1940103106 155.919998 14.420000 1.000000e+25 & 1.000000e+25 & 
1940103112 156.229996 14.450000 1.000000e+25 & 1.000000e+25 & 
1940103118 156.710007 14.190000 1.000000e+25 & 1.000000e+25 & 
1940110100 156.759995 14.180000 1.000000e+25 & 1.000000e+25 & 
1940110106 156.279999 14.390000 1.000000e+25 & 1.000000e+25 & 
1940110112 155.119995 14.210000 1.000000e+25 & 1.000000e+25 & 
1940110118 153.470001 13.650000 1.000000e+25 & 1.000000e+25 & 
1940110200 152.259995 13.300000 1.000000e+25 & 1.000000e+25 & 
1940110206 151.479996 13.240000 1.000000e+25 & 1.000000e+25 & 
1940110212 149.910004 13.070000 1.000000e+25 & 1.000000e+25 & 
1940110218 148.119995 12.870000 1.000000e+25 & 1.000000e+25 & 
1940110300 146.380005 12.860000 1.000000e+25 & 1.000000e+25 & 
1940110306 144.949997 12.950000 1.000000e+25 & 1.000000e+25 & 
1940110312 143.449997 13.200000 1.000000e+25 & 1.000000e+25 & 
1940110318 141.750000 13.690000 1.000000e+25 & 1.000000e+25 & 
1940110400 140.520004 14.420000 1.000000e+25 & 1.000000e+25 & 
1940110406 139.899994 15.200000 1.000000e+25 & 1.000000e+25 & 
1940110412 139.419998 15.900000 1.000000e+25 & 1.000000e+25 & 
1940110418 138.949997 16.540001 1.000000e+25 & 1.000000e+25 & 
1940110500 138.600006 17.100000 1.000000e+25 & 1.000000e+25 & 
1940110506 138.339996 17.620001 1.000000e+25 & 1.000000e+25 & 
1940110512 138.070007 18.370001 1.000000e+25 & 1.000000e+25 & 
1940110518 137.779999 19.299999 1.000000e+25 & 1.000000e+25 & 
1940110600 137.259995 20.049999 1.000000e+25 & 1.000000e+25 & 
1940110606 136.649994 20.590000 1.000000e+25 & 1.000000e+25 & 
1940110612 136.350006 21.180000 1.000000e+25 & 1.000000e+25 & 
1940110618 136.250000 21.850000 1.000000e+25 & 1.000000e+25 & 
1940110700 136.130005 22.340000 1.000000e+25 & 1.000000e+25 & 
1940110706 136.070007 22.680000 1.000000e+25 & 1.000000e+25 & 
1940110712 136.089996 23.139999 1.000000e+25 & 1.000000e+25 & 
1940110718 136.160004 23.660000 1.000000e+25 & 1.000000e+25 & 
1940110800 136.429993 24.090000 1.000000e+25 & 1.000000e+25 & 
1940110806 137.389999 24.660000 1.000000e+25 & 1.000000e+25 & 
1940110812 139.240005 25.620001 1.000000e+25 & 1.000000e+25 & 
1940110818 141.589996 26.740000 1.000000e+25 & 1.000000e+25 & 
1940110900 143.919998 27.580000 1.000000e+25 & 1.000000e+25 & 
1940110906 146.059998 28.020000 1.000000e+25 & 1.000000e+25 & 
1940110912 149.570007 29.100000 1.000000e+25 & 1.000000e+25 & 
1940110918 153.850006 30.740000 1.000000e+25 & 1.000000e+25 & 
1940111000 157.100006 32.119999 1.000000e+25 & 1.000000e+25 & 
1940111006 158.869995 33.090000 1.000000e+25 & 1.000000e+25 & 
TRACK_ID  56 START_TIME 1940111200
POINT_NUM  17
1940111200 79.000000 10.700000 1.000000e+25 & 1.000000e+25 & 
1940111206 77.970001 10.700000 1.000000e+25 & 1.000000e+25 & 
1940111212 76.739998 10.710000 1.000000e+25 & 1.000000e+25 & 
1940111218 75.290001 10.640000 1.000000e+25 & 1.000000e+25 & 
1940111300 74.209999 10.610000 1.000000e+25 & 1.000000e+25 & 
1940111306 73.910004 10.600000 1.000000e+25 & 1.000000e+25 & 
1940111312 73.949997 10.600000 1.000000e+25 & 1.000000e+25 & 
1940111318 74.000000 10.600000 1.000000e+25 & 1.000000e+25 & 
1940111400 74.000000 10.600000 1.000000e+25 & 1.000000e+25 & 
1940111406 74.000000 10.600000 1.000000e+25 & 1.000000e+25 & 
1940111412 74.000000 10.600000 1.000000e+25 & 1.000000e+25 & 
1940111418 74.019997 10.600000 1.000000e+25 & 1.000000e+25 & 
1940111500 74.040001 10.600000 1.000000e+25 & 1.000000e+25 & 
1940111506 73.660004 10.600000 1.000000e+25 & 1.000000e+25 & 
1940111512 73.150002 10.600000 1.000000e+25 & 1.000000e+25 & 
1940111518 72.580002 10.600000 1.000000e+25 & 1.000000e+25 & 
1940111600 72.080002 10.600000 1.000000e+25 & 1.000000e+25 & 
TRACK_ID  57 START_TIME 1940111500
POINT_NUM  17
1940111500 85.199997 13.100000 1.000000e+25 & 1.000000e+25 & 
1940111506 85.199997 13.260000 1.000000e+25 & 1.000000e+25 & 
1940111512 85.199997 13.460000 1.000000e+25 & 1.000000e+25 & 
1940111518 85.190002 13.640000 1.000000e+25 & 1.000000e+25 & 
1940111600 85.260002 13.820000 1.000000e+25 & 1.000000e+25 & 
1940111606 85.519997 14.320000 1.000000e+25 & 1.000000e+25 & 
1940111612 85.970001 14.860000 1.000000e+25 & 1.000000e+25 & 
1940111618 86.529999 15.320000 1.000000e+25 & 1.000000e+25 & 
1940111700 87.070000 15.790000 1.000000e+25 & 1.000000e+25 & 
1940111706 87.500000 16.280001 1.000000e+25 & 1.000000e+25 & 
1940111712 87.820000 16.780001 1.000000e+25 & 1.000000e+25 & 
1940111718 88.139999 17.209999 1.000000e+25 & 1.000000e+25 & 
1940111800 88.440002 17.610001 1.000000e+25 & 1.000000e+25 & 
1940111806 88.589996 17.930000 1.000000e+25 & 1.000000e+25 & 
1940111812 88.690002 18.230000 1.000000e+25 & 1.000000e+25 & 
1940111818 88.760002 18.459999 1.000000e+25 & 1.000000e+25 & 
1940111900 88.779999 18.719999 1.000000e+25 & 1.000000e+25 & 
TRACK_ID  58 START_TIME 1940112212
POINT_NUM  27
1940112212 149.000000 7.200000 1.000000e+25 & 1.000000e+25 & 
1940112218 145.050003 6.710000 1.000000e+25 & 1.000000e+25 & 
1940112300 141.899994 6.300000 1.000000e+25 & 1.000000e+25 & 
1940112306 140.039993 6.100000 1.000000e+25 & 1.000000e+25 & 
1940112312 138.800003 6.200000 1.000000e+25 & 1.000000e+25 & 
1940112318 137.320007 6.610000 1.000000e+25 & 1.000000e+25 & 
1940112400 135.800003 7.300000 1.000000e+25 & 1.000000e+25 & 
1940112406 134.139999 8.070000 1.000000e+25 & 1.000000e+25 & 
1940112412 132.399994 9.000000 1.000000e+25 & 1.000000e+25 & 
1940112418 130.559998 10.130000 1.000000e+25 & 1.000000e+25 & 
1940112500 128.899994 11.200000 1.000000e+25 & 1.000000e+25 & 
1940112506 127.709999 11.900000 1.000000e+25 & 1.000000e+25 & 
1940112512 126.699997 12.500000 1.000000e+25 & 1.000000e+25 & 
1940112518 125.500000 13.150000 1.000000e+25 & 1.000000e+25 & 
1940112600 124.400002 14.000000 1.000000e+25 & 1.000000e+25 & 
1940112606 123.330002 15.230000 1.000000e+25 & 1.000000e+25 & 
1940112612 122.900002 16.600000 1.000000e+25 & 1.000000e+25 & 
1940112618 123.599998 17.889999 1.000000e+25 & 1.000000e+25 & 
1940112700 124.900002 19.000000 1.000000e+25 & 1.000000e+25 & 
1940112706 126.099998 19.799999 1.000000e+25 & 1.000000e+25 & 
1940112712 127.400002 20.400000 1.000000e+25 & 1.000000e+25 & 
1940112718 128.759995 20.990000 1.000000e+25 & 1.000000e+25 & 
1940112800 130.100006 21.500000 1.000000e+25 & 1.000000e+25 & 
1940112806 131.309998 21.930000 1.000000e+25 & 1.000000e+25 & 
1940112812 132.399994 22.299999 1.000000e+25 & 1.000000e+25 & 
1940112818 133.380005 22.650000 1.000000e+25 & 1.000000e+25 & 
1940112900 134.300003 23.000000 1.000000e+25 & 1.000000e+25 & 
TRACK_ID  59 START_TIME 1940120212
POINT_NUM  15
1940120212 127.000000 10.300000 1.000000e+25 & 1.000000e+25 & 
1940120218 125.860001 10.830000 1.000000e+25 & 1.000000e+25 & 
1940120300 124.699997 11.200000 1.000000e+25 & 1.000000e+25 & 
1940120306 123.510002 11.320000 1.000000e+25 & 1.000000e+25 & 
1940120312 122.300003 11.300000 1.000000e+25 & 1.000000e+25 & 
1940120318 121.010002 11.280000 1.000000e+25 & 1.000000e+25 & 
1940120400 119.800003 11.200000 1.000000e+25 & 1.000000e+25 & 
1940120406 118.830002 11.060000 1.000000e+25 & 1.000000e+25 & 
1940120412 117.900002 10.900000 1.000000e+25 & 1.000000e+25 & 
1940120418 116.699997 10.740000 1.000000e+25 & 1.000000e+25 & 
1940120500 115.599998 10.600000 1.000000e+25 & 1.000000e+25 & 
1940120506 114.900002 10.490000 1.000000e+25 & 1.000000e+25 & 
1940120512 114.300003 10.400000 1.000000e+25 & 1.000000e+25 & 
1940120518 113.559998 10.300000 1.000000e+25 & 1.000000e+25 & 
1940120600 112.699997 10.200000 1.000000e+25 & 1.000000e+25 & 
TRACK_ID  60 START_TIME 1940120512
POINT_NUM  11
1940120512 126.000000 11.300000 1.000000e+25 & 1.000000e+25 & 
1940120518 125.480003 12.160000 1.000000e+25 & 1.000000e+25 & 
1940120600 124.900002 12.900000 1.000000e+25 & 1.000000e+25 & 
1940120606 124.250000 13.450000 1.000000e+25 & 1.000000e+25 & 
1940120612 123.699997 13.900000 1.000000e+25 & 1.000000e+25 & 
1940120618 123.410004 14.360000 1.000000e+25 & 1.000000e+25 & 
1940120700 123.199997 14.800000 1.000000e+25 & 1.000000e+25 & 
1940120706 122.919998 15.220000 1.000000e+25 & 1.000000e+25 & 
1940120712 122.599998 15.600000 1.000000e+25 & 1.000000e+25 & 
1940120718 122.220001 15.920000 1.000000e+25 & 1.000000e+25 & 
1940120800 121.800003 16.200001 1.000000e+25 & 1.000000e+25 & 
TRACK_ID  62 START_TIME 1940122000
POINT_NUM  9
1940122000 91.900002 11.000000 1.000000e+25 & 1.000000e+25 & 
1940122006 92.290001 11.640000 1.000000e+25 & 1.000000e+25 & 
1940122012 92.610001 12.460000 1.000000e+25 & 1.000000e+25 & 
1940122018 92.930000 13.460000 1.000000e+25 & 1.000000e+25 & 
1940122100 93.080002 14.550000 1.000000e+25 & 1.000000e+25 & 
1940122106 93.029999 15.410000 1.000000e+25 & 1.000000e+25 & 
1940122112 92.839996 16.120001 1.000000e+25 & 1.000000e+25 & 
1940122118 92.779999 16.850000 1.000000e+25 & 1.000000e+25 & 
1940122200 92.779999 17.540001 1.000000e+25 & 1.000000e+25 & 
TRACK_ID  61 START_TIME 1940120812
POINT_NUM  63
1940120812 150.000000 11.600000 1.000000e+25 & 1.000000e+25 & 
1940120818 149.149994 12.640000 1.000000e+25 & 1.000000e+25 & 
1940120900 148.199997 13.500000 1.000000e+25 & 1.000000e+25 & 
1940120906 147.070007 14.060000 1.000000e+25 & 1.000000e+25 & 
1940120912 145.800003 14.300000 1.000000e+25 & 1.000000e+25 & 
1940120918 144.380005 14.270000 1.000000e+25 & 1.000000e+25 & 
1940121000 143.100006 14.100000 1.000000e+25 & 1.000000e+25 & 
1940121006 142.259995 14.010000 1.000000e+25 & 1.000000e+25 & 
1940121012 141.600006 14.000000 1.000000e+25 & 1.000000e+25 & 
1940121018 140.800003 14.140000 1.000000e+25 & 1.000000e+25 & 
1940121100 140.100006 14.300000 1.000000e+25 & 1.000000e+25 & 
1940121106 139.649994 14.370000 1.000000e+25 & 1.000000e+25 & 
1940121112 139.300003 14.400000 1.000000e+25 & 1.000000e+25 & 
1940121118 138.929993 14.420000 1.000000e+25 & 1.000000e+25 & 
1940121200 138.500000 14.400000 1.000000e+25 & 1.000000e+25 & 
1940121206 137.919998 14.350000 1.000000e+25 & 1.000000e+25 & 
1940121212 137.300003 14.200000 1.000000e+25 & 1.000000e+25 & 
1940121218 136.800003 13.940000 1.000000e+25 & 1.000000e+25 & 
1940121300 136.199997 13.600000 1.000000e+25 & 1.000000e+25 & 
1940121306 135.350006 13.250000 1.000000e+25 & 1.000000e+25 & 
1940121312 134.300003 12.900000 1.000000e+25 & 1.000000e+25 & 
1940121318 133.020004 12.580000 1.000000e+25 & 1.000000e+25 & 
1940121400 131.899994 12.300000 1.000000e+25 & 1.000000e+25 & 
1940121406 131.389999 12.070000 1.000000e+25 & 1.000000e+25 & 
1940121412 131.100006 11.900000 1.000000e+25 & 1.000000e+25 & 
1940121418 130.639999 11.780000 1.000000e+25 & 1.000000e+25 & 
1940121500 130.199997 11.700000 1.000000e+25 & 1.000000e+25 & 
1940121506 129.839996 11.660000 1.000000e+25 & 1.000000e+25 & 
1940121512 129.500000 11.600000 1.000000e+25 & 1.000000e+25 & 
1940121518 129.110001 11.420000 1.000000e+25 & 1.000000e+25 & 
1940121600 128.800003 11.200000 1.000000e+25 & 1.000000e+25 & 
1940121606 128.660004 11.040000 1.000000e+25 & 1.000000e+25 & 
1940121612 128.600006 10.900000 1.000000e+25 & 1.000000e+25 & 
1940121618 128.529999 10.740000 1.000000e+25 & 1.000000e+25 & 
1940121700 128.500000 10.600000 1.000000e+25 & 1.000000e+25 & 
1940121706 128.520004 10.500000 1.000000e+25 & 1.000000e+25 & 
1940121712 128.600006 10.400000 1.000000e+25 & 1.000000e+25 & 
1940121718 128.740005 10.250000 1.000000e+25 & 1.000000e+25 & 
1940121800 128.899994 10.100000 1.000000e+25 & 1.000000e+25 & 
1940121806 129.050003 9.980000 1.000000e+25 & 1.000000e+25 & 
1940121812 129.199997 9.900000 1.000000e+25 & 1.000000e+25 & 
1940121818 129.279999 9.820000 1.000000e+25 & 1.000000e+25 & 
1940121900 129.500000 9.800000 1.000000e+25 & 1.000000e+25 & 
1940121906 130.039993 9.870000 1.000000e+25 & 1.000000e+25 & 
1940121912 130.699997 10.000000 1.000000e+25 & 1.000000e+25 & 
1940121918 131.270004 10.140000 1.000000e+25 & 1.000000e+25 & 
1940122000 131.800003 10.300000 1.000000e+25 & 1.000000e+25 & 
1940122006 132.270004 10.490000 1.000000e+25 & 1.000000e+25 & 
1940122012 132.699997 10.600000 1.000000e+25 & 1.000000e+25 & 
1940122018 133.179993 10.500000 1.000000e+25 & 1.000000e+25 & 
1940122100 133.500000 10.300000 1.000000e+25 & 1.000000e+25 & 
1940122106 133.500000 10.140000 1.000000e+25 & 1.000000e+25 & 
1940122112 133.300003 10.000000 1.000000e+25 & 1.000000e+25 & 
1940122118 133.199997 9.910000 1.000000e+25 & 1.000000e+25 & 
1940122200 132.800003 9.800000 1.000000e+25 & 1.000000e+25 & 
1940122206 131.839996 9.580000 1.000000e+25 & 1.000000e+25 & 
1940122212 130.600006 9.300000 1.000000e+25 & 1.000000e+25 & 
1940122218 129.509995 8.950000 1.000000e+25 & 1.000000e+25 & 
1940122300 128.199997 8.700000 1.000000e+25 & 1.000000e+25 & 
1940122306 126.449997 8.680000 1.000000e+25 & 1.000000e+25 & 
1940122312 124.500000 8.800000 1.000000e+25 & 1.000000e+25 & 
1940122318 122.620003 8.950000 1.000000e+25 & 1.000000e+25 & 
1940122400 120.800003 9.100000 1.000000e+25 & 1.000000e+25 & 
